115
69
724
487
481
493
129
91
996
490
109
126
495
78
488
325
483
110
482
161
801
855
125
127
492
632
1019
484
111
494
130
114
107
112
641
116
373
83
922
371
80
772
568
209
131
646
121
489
47
478
894
485
558
160
117
889
182
1023
108
128
122
525
897
891
636
374
64
527
923
66
157
925
766
566
651
919
380
118
164
831
154
119
106
595
419
638
939
298
580
658
573
295
70
50
440
896
212
655
526
732
98
644
685
598
445
350
1014
578
216
736
416
498
751
740
170
790
162
206
200
980
703
639
554
852
835
890
341
534
902
340
338
185
917
391
668
649
583
103
504
332
134
879
574
565
612
429
305
100
561
842
867
475
45
647
731
627
368
1017
934
141
52
5
155
256
163
883
564
814
221
35
486
626
652
191
846
464
120
848
569
893
442
259
750
908
827
979
936
133
930
723
823
393
757
596
105
621
910
702
809
1033
662
570
179
378
543
778
3
156
954
283
458
313
463
826
238
142
719
287
811
26
932
600
556
738
309
67
903
880
970
311
358
716
307
497
304
650
264
567
1018
1020
38
77
587
299
739
56
695
711
226
813
414
577
874
352
408
435
581
361
575
270
60
92
8
12
13
17
18
20
21
22
41
44
51
55
59
61
65
76
87
89
94
101
102
143
146
147
148
172
174
176
195
196
205
208
225
228
229
244
246
249
250
251
254
257
260
280
285
286
288
294
303
306
310
329
333
336
343
347
357
365
383
389
400
403
405
412
413
455
460
465
471
473
474
491
499
507
508
514
517
518
519
520
522
537
544
547
548
549
576
584
604
605
607
625
628
630
633
656
661
686
687
693
698
712
713
717
726
741
747
749
753
760
761
771
792
796
841
847
857
881
882
888
900
916
918
921
944
945
973
977
987
989
1005
1015
1016
1025
1026
1029
660
958
62
344
927
669
1031
217
320
255
1028
532
764
754
426
675
75
972
16
32
71
73
96
144
145
199
230
247
261
272
282
293
312
339
363
364
369
379
382
395
407
422
436
444
459
480
500
501
530
552
557
620
642
663
664
815
849
860
884
907
926
928
938
949
956
960
1022
421
266
377
99
392
427
449
773
802
851
1021
231
870
674
300
284
406
1027
515
765
807
10
29
48
53
159
213
645
682
810
832
961
965
994
995
1006
381
138
86
28
415
167
248
477
327
165
232
509
202
273
290
370
394
417
439
601
624
681
877
953
963
905
643
375
233
791
360
982
334
314
793
805
898
935
933
319
215
359
730
431
198
885
781
453
454
349
322
15
271
366
433
559
752
859
873
946
975
709
1009
461
496
95
184
194
296
385
469
536
560
1002
452
4
168
779
149
457
330
275
276
277
140
448
234
243
372
93
113
178
418
423
590
718
762
353
409
410
411
318
1007
399
214
665
748
776
281
437
512
470
602
853
315
58
150
323
521
966
479
619
734
722
714
1004
432
618
913
988
688
737
571
745
780
699
743
84
816
97
19
23
27
90
132
192
211
236
252
253
262
268
308
321
331
351
354
355
387
402
428
451
505
538
550
613
635
640
721
783
886
929
940
978
981
983
984
998
999
1030
297
551
957
263
971
151
218
239
659
785
786
820
845
540
40
689
511
63
516
438
503
328
523
136
666
670
677
742
755
863
991
237
274
34
342
899
476
828
396
450
506
57
137
591
528
224
434
356
362
472
376
227
386
425
653
9
11
72
219
223
240
267
390
572
673
707
725
974
986
1000
1013
203
733
430
443
824
875
345
180
541
865
947
289
997
993
278
177
197
868
292
367
326
420
348
245
401
153
317
265
397
241
242
582
872
878
892
950
955
683
794
968
220
398
384
404
456
43
615
467
466
6
24
787
797
817
992
301
49
462
948
684
634
708
941
696
803
316
447
187
812
623
904
441
25
193
579
1012
679
795
510
388
337
648
705
951
279
31
33
593
843
901
819
599
204
586
837
611
614
692
808
799
14
30
54
181
183
190
545
555
617
715
720
758
825
838
895
871
924
631
39
592
637
680
906
594
985
88
770
589
710
914
759
42
542
829
36
222
800
844
850
769
324
424
524
700
942
563
735
533
728
667
74
768
1
2
104
346
585
701
864
876
302
952
603
606
818
588
173
7
152
446
836
789
774
862
175
539
562
976
123
169
207
258
697
967
1024
856
546
690
866
887
610
672
616
727
1001
68
861
694
959
969
1032
912
678
657
597
763
920
782
798
1003
1008
139
629
671
854
911
821
937
85
291
729
839
46
931
744
210
135
269
746
37
186
468
529
622
806
201
962
235
171
943
756
704
189
654
158
777
691
1010
784
81
990
834
513
82
608
909
188
124
833
840
531
79
915
964
767
706
822
830
166
676
804
858
535
502
788
609
775
869
1011
553
335