424
508
468
74
511
824
491
499
496
457
498
509
443
402
504
345
480
506
507
510
203
115
434
435
254
640
204
579
653
679
639
648
497
1032
676
654
985
951
572
954
1026
540
694
658
38
993
649
75
563
329
796
330
430
397
939
500
692
359
333
794
582
742
819
613
879
65
229
630
945
922
243
73
461
724
608
57
524
144
852
379
210
413
117
322
104
759
4
828
934
371
521
165
308
155
220
386
464
637
873
659
532
292
949
763
818
652
191
436
101
677
768
549
1033
293
681
868
3
933
953
906
167
811
930
450
78
112
309
133
67
903
880
481
970
311
358
111
716
307
556
83
304
650
264
567
1018
1020
77
587
299
380
739
56
695
711
226
483
813
414
577
874
558
80
352
408
581
361
575
703
270
60
108
126
128
598
92
8
12
13
17
18
20
21
22
41
44
47
50
51
55
59
61
76
87
89
91
94
100
102
118
142
143
146
147
148
156
161
172
174
176
195
196
205
208
212
225
228
244
246
249
250
251
257
259
260
280
285
286
288
294
303
306
310
336
341
343
347
357
365
368
383
389
400
403
405
412
419
442
445
455
458
460
463
465
471
473
474
478
484
492
514
517
518
519
520
522
527
537
544
547
548
561
564
566
574
576
584
604
605
607
625
628
632
633
636
655
656
661
686
687
693
698
702
712
713
717
719
723
726
741
747
749
753
757
760
761
771
792
841
846
847
857
881
882
888
900
902
910
916
918
921
936
944
973
977
980
987
989
996
1005
1015
1016
1025
1029
489
660
958
62
344
927
669
932
1031
217
320
255
731
1028
764
754
426
675
972
554
979
543
16
32
71
96
105
107
145
199
230
247
261
272
282
312
339
363
364
369
382
395
407
422
444
459
485
494
501
530
552
557
583
620
642
663
664
751
815
826
849
860
884
893
894
907
926
928
938
956
960
1022
35
287
421
266
377
200
429
99
392
427
449
773
802
851
1021
231
870
674
300
284
835
406
1027
515
765
807
10
29
48
53
159
179
213
238
645
682
810
832
897
961
965
994
995
1006
381
1017
69
138
86
28
415
248
350
477
327
647
848
232
157
202
273
290
370
373
394
417
439
601
624
766
877
883
963
295
905
393
643
375
233
791
360
982
1014
334
314
793
805
898
935
319
215
730
431
198
221
885
781
453
454
349
325
15
271
366
433
559
752
859
946
975
709
131
374
1009
95
184
194
283
296
305
385
469
536
560
1002
452
168
206
779
149
626
275
276
277
140
448
234
372
93
113
178
418
423
440
590
718
923
762
353
409
493
410
490
411
318
1007
399
214
313
665
748
776
809
475
917
281
437
512
470
340
602
853
315
58
150
323
966
479
638
619
734
722
714
1004
432
618
913
988
740
688
737
823
571
745
780
534
699
743
84
122
816
97
488
5
19
23
27
90
132
164
192
211
236
252
253
256
262
268
321
331
351
354
355
387
428
451
486
495
505
538
550
568
578
635
721
783
886
929
940
978
981
983
984
998
999
1030
297
551
957
263
889
971
103
151
218
239
738
785
786
820
845
891
40
689
63
416
516
438
503
328
523
136
666
670
755
801
863
991
237
332
274
34
342
899
476
396
137
591
528
209
224
356
362
472
376
64
227
425
9
11
72
119
125
141
219
223
240
267
390
641
673
707
725
908
974
986
1000
1013
733
875
525
52
482
180
541
865
947
298
289
997
278
177
197
367
326
420
348
245
401
153
317
265
162
241
242
569
872
878
892
950
955
683
526
968
134
398
384
338
185
404
456
378
43
45
487
615
467
466
6
24
391
787
797
817
992
301
49
116
462
948
684
127
634
708
941
696
803
316
447
187
812
623
904
441
25
193
750
1012
795
388
337
705
279
26
31
33
593
651
843
901
599
586
627
827
837
855
565
570
611
614
808
799
14
30
54
163
181
183
190
216
545
555
580
617
644
685
715
720
758
825
838
895
871
924
646
631
39
182
592
680
1023
594
106
88
890
814
770
589
710
914
42
114
542
829
36
222
800
778
844
850
769
324
668
700
842
942
735
596
120
533
728
667
1
2
110
346
585
701
772
864
876
302
952
603
606
588
173
7
152
446
600
836
789
774
862
175
539
562
573
976
98
121
123
129
130
154
169
207
258
697
736
967
1024
856
546
690
866
887
610
672
616
727
790
1001
68
831
861
621
595
959
969
912
678
657
597
662
920
782
798
1003
1008
139
629
671
854
911
821
937
85
291
729
839
46
160
931
744
135
269
746
37
66
70
186
529
925
622
806
201
962
235
612
171
943
756
704
189
158
777
109
691
1010
170
784
1019
81
732
990
834
513
82
909
867
188
124
833
840
531
79
915
964
896
767
706
919
822
830
166
804
858
535
502
788
609
775
869
1011
553
335