865
862
537
881
883
884
551
565
570
885
899
581
541
530
574
886
549
672
580
595
674
569
889
895
902
877
663
421
677
664
532
956
670
869
878
555
587
344
416
686
425
666
588
573
536
178
873
880
75
550
566
863
420
422
23
280
584
976
540
971
538
864
415
246
661
583
904
730
695
10
972
684
969
669
93
179
545
866
561
870
592
500
418
542
699
582
785
443
558
875
578
890
380
960
121
752
696
700
529
432
891
655
585
577
894
896
417
571
554
671
963
659
90
175
697
624
978
544
903
682
982
513
127
665
980
502
897
338
660
966
876
962
559
698
533
308
160
691
255
693
985
38
640
439
964
970
176
675
223
59
988
572
486
208
9
526
567
434
213
101
539
617
556
88
761
882
547
937
333
973
136
123
74
261
98
759
289
482
808
531
637
254
152
562
680
975
548
423
586
511
786
576
435
887
557
594
564
553
506
871
468
480
436
673
426
676
575
437
753
560
936
605
685
518
807
185
930
105
108
128
898
508
403
627
782
337
681
347
222
911
320
593
444
204
156
119
993
383
830
334
138
198
990
1018
135
219
689
481
900
507
798
958
133
683
343
784
110
497
191
888
534
501
736
259
253
498
331
7
83
476
773
801
182
357
804
503
893
505
29
687
65
522
1009
780
124
499
515
922
840
180
918
414
309
638
430
496
89
724
290
64
905
981
215
849
249
329
252
861
296
728
796
56
225
824
651
433
692
377
516
227
487
643
688
306
633
874
932
1001
80
626
464
451
1004
744
742
292
453
267
5
948
48
300
795
1026
221
35
202
589
857
646
597
272
469
445
378
492
927
118
96
211
543
924
459
229
230
85
293
345
311
974
92
726
140
143
73
463
739
287
811
195
397
1013
78
112
67
358
111
716
307
371
304
650
264
1020
77
299
711
226
483
813
352
408
939
361
703
270
60
126
598
8
12
13
17
18
20
21
22
41
44
47
50
51
55
61
76
87
91
94
100
102
117
142
146
147
148
155
161
172
174
196
205
212
228
244
250
251
257
260
285
286
288
294
303
310
336
341
365
368
389
400
405
412
413
419
442
455
458
460
465
471
473
474
478
484
491
514
517
519
520
527
604
607
625
628
630
632
636
649
656
702
712
713
717
719
723
741
747
749
757
760
771
792
841
846
847
852
910
916
921
944
945
977
987
989
996
1005
1015
1016
1025
1029
1033
489
62
1031
217
731
1028
764
754
979
16
32
71
107
144
145
199
247
282
312
339
363
364
369
379
382
395
407
485
494
552
620
642
751
815
826
860
907
926
928
938
949
1022
266
200
429
99
392
427
449
802
851
1021
231
284
835
406
1027
765
53
159
238
645
810
832
954
961
965
994
995
1006
381
1017
69
86
28
167
248
350
477
327
165
647
652
848
232
509
157
273
370
373
394
601
766
953
295
393
375
233
791
360
1014
314
793
805
935
933
319
359
431
781
454
349
325
322
15
271
366
859
946
709
131
374
461
95
184
194
283
305
385
879
1002
452
4
168
206
779
149
457
330
275
276
277
448
234
243
372
113
440
590
718
923
762
353
409
493
410
490
411
318
1007
399
214
313
748
776
809
475
917
281
512
470
340
602
853
315
58
150
323
521
479
619
734
722
714
658
618
913
740
737
823
745
743
84
122
816
97
488
19
27
132
164
192
236
256
262
268
321
351
354
355
387
402
428
495
568
613
635
721
783
929
940
983
984
998
999
1030
297
957
263
103
151
218
239
738
820
845
40
63
438
328
523
755
991
237
332
274
34
342
828
396
450
57
137
591
528
209
224
356
362
472
376
386
653
11
72
125
141
240
390
641
707
725
908
986
1000
203
733
639
525
52
947
298
997
278
177
197
868
504
367
326
348
245
401
153
317
265
162
241
242
872
892
950
955
794
968
134
220
398
384
404
456
43
45
615
467
466
6
24
391
787
797
817
992
301
49
116
462
634
708
941
803
316
447
187
812
623
441
25
193
579
750
1012
679
510
388
648
705
951
279
26
31
33
843
901
819
599
3
827
837
855
934
611
614
799
14
30
54
163
181
183
190
216
644
715
720
758
825
838
631
39
906
1023
106
814
770
710
914
42
114
829
36
800
778
844
850
769
324
424
524
668
842
942
563
735
596
120
667
768
1
2
104
346
701
772
302
952
603
606
818
173
446
600
836
789
774
129
130
154
169
207
258
967
1024
856
546
690
610
616
727
790
68
831
621
694
959
1032
912
678
657
662
763
920
1003
1008
139
629
854
821
291
729
839
46
931
210
269
746
37
66
70
186
925
622
806
201
235
612
171
943
756
704
189
654
158
777
109
115
1010
170
1019
81
732
834
82
608
909
867
188
833
79
915
767
706
919
822
166
858
535
788
609
775
1011
335