211
716
245
105
188
132
1006
990
248
256
389
717
99
138
769
667
249
254
253
261
635
388
257
251
1011
273
902
840
227
711
729
186
394
693
991
187
502
1021
260
728
195
250
1007
209
275
46
67
550
384
353
30
846
882
901
252
866
590
749
553
757
134
719
385
813
479
282
678
382
272
698
441
35
379
63
376
79
66
56
356
263
531
392
432
1014
294
895
958
223
593
684
383
201
966
381
345
2
110
215
247
924
1015
316
655
533
1008
368
137
244
84
270
104
833
164
692
1010
60
651
660
644
348
853
903
288
204
380
259
75
835
367
639
320
768
1029
941
228
529
1026
489
959
361
466
321
630
423
905
157
702
788
49
1027
543
632
677
946
139
25
681
145
212
266
58
603
534
397
710
652
995
488
519
225
841
868
77
920
346
810
776
410
146
409
996
514
722
760
973
561
800
156
871
387
45
393
408
1024
476
880
103
975
739
276
491
819
340
790
884
396
733
287
700
636
124
699
416
243
86
149
888
485
359
787
705
337
808
727
742
898
403
208
355
570
238
963
720
744
499
984
342
314
520
322
354
532
857
230
764
938
274
4
1004
69
14
283
246
318
53
430
789
150
976
307
127
373
141
331
7
308
508
155
242
856
68
404
633
200
285
395
557
280
618
785
140
517
650
483
207
527
974
55
114
371
873
350
879
213
214
578
724
13
574
741
524
781
206
298
849
943
279
758
881
925
73
475
971
296
92
51
592
347
567
181
91
949
654
336
763
982
766
286
799
585
582
807
932
852
904
217
465
352
44
625
220
136
831
793
573
59
755
611
198
1016
704
433
28
750
569
546
584
900
679
438
1022
551
304
133
54
927
528
265
621
783
493
232
883
70
1003
954
455
38
405
540
658
5
518
552
239
148
734
492
778
219
292
591
277
144
559
454
863
501
62
738
413
97
818
740
989
713
1031
586
96
761
351
311
617
910
398
344
65
284
1009
26
478
40
22
554
192
649
1013
93
583
264
458
218
411
255
703
358
1020
31
628
154
885
78
112
309
498
481
970
111
556
497
83
1018
587
299
695
226
414
577
874
558
80
435
581
939
575
108
126
128
598
8
12
17
18
20
21
41
47
50
61
76
87
89
94
100
101
102
117
118
142
143
147
161
172
174
176
196
205
229
303
306
310
329
333
341
343
357
365
400
412
419
442
445
460
463
464
471
473
474
484
507
522
537
544
547
548
549
564
566
576
604
605
607
656
661
686
687
712
723
726
747
753
771
792
796
847
916
918
921
936
944
945
977
980
987
1005
1025
1033
669
731
1028
754
426
675
972
979
16
32
71
107
199
293
312
339
363
364
369
407
422
436
444
459
480
494
500
530
620
642
663
664
751
811
815
826
860
893
894
907
926
928
956
960
421
377
429
427
449
773
802
851
231
870
674
300
406
515
765
10
29
48
159
179
645
682
832
897
961
965
994
1017
415
167
477
327
165
647
848
509
202
290
370
417
439
601
624
877
953
295
643
375
233
791
360
334
805
935
933
319
730
431
221
453
349
325
15
271
366
752
859
709
131
374
461
496
95
184
194
305
469
536
560
1002
452
168
779
626
457
330
448
234
372
113
178
418
440
718
923
930
762
490
399
313
665
748
809
917
281
437
512
470
602
315
323
521
638
619
714
913
988
688
737
823
571
745
780
743
122
816
19
23
27
90
236
262
268
402
428
451
486
495
505
538
568
613
640
721
886
929
940
978
981
983
998
999
1030
297
957
889
151
659
786
820
845
891
689
511
516
503
328
523
666
670
801
237
332
34
899
828
450
506
57
224
434
362
472
64
386
425
653
9
11
72
119
125
240
267
390
572
641
673
707
725
908
986
1000
203
443
824
875
525
52
482
180
541
865
947
289
997
993
278
177
197
504
326
420
401
153
317
162
241
872
878
892
950
955
683
526
794
968
338
185
456
378
43
487
615
467
6
24
391
797
817
992
301
116
462
948
634
708
696
803
447
812
623
193
579
1012
795
510
648
951
33
843
599
3
627
827
837
855
922
934
565
614
163
183
190
216
545
555
580
685
715
825
838
646
631
39
182
637
680
906
1023
594
985
106
88
890
814
770
589
914
759
42
542
829
36
222
844
850
324
424
668
842
942
563
735
596
120
74
1
701
772
864
876
302
952
606
588
173
152
446
600
836
774
862
175
191
539
562
98
121
123
129
130
169
258
697
736
967
690
887
610
672
616
1001
861
694
595
969
1032
912
657
597
662
782
798
629
671
854
911
821
937
85
291
839
160
931
210
135
269
746
37
468
622
806
962
235
612
171
756
189
158
777
109
691
115
170
784
1019
81
732
834
513
82
608
909
867
915
964
896
767
706
919
822
830
166
676
804
858
535
609
775
869
335