408
404
407
502
121
880
591
571
219
406
216
595
876
410
899
398
30
602
399
70
409
570
715
862
396
147
586
885
897
573
895
703
565
582
549
894
886
704
563
218
32
578
633
898
62
220
758
401
984
587
893
34
574
651
341
655
644
900
755
589
516
207
329
896
594
337
222
513
1001
33
558
824
405
495
561
577
400
877
55
889
580
190
213
708
230
155
203
697
566
198
637
575
830
243
564
411
672
960
185
234
40
122
902
632
613
930
397
684
967
173
79
581
905
373
22
466
999
673
882
598
657
588
669
163
909
365
13
569
652
113
592
161
559
362
83
919
892
239
861
727
5
987
229
322
240
626
123
555
364
156
567
1026
208
766
959
162
939
109
428
52
560
881
804
297
450
330
391
988
977
662
403
878
970
191
640
528
841
530
515
663
688
434
120
556
12
608
494
927
36
420
789
762
917
585
183
677
770
518
136
438
97
215
596
210
435
713
904
654
544
754
211
313
88
80
242
202
964
184
661
808
31
554
968
576
542
668
153
59
925
116
535
643
336
416
436
349
500
936
496
611
658
557
41
331
96
903
875
110
417
89
702
223
159
236
639
949
648
627
45
795
91
231
186
415
517
375
77
790
3
914
933
678
4
872
291
891
928
523
43
1022
456
117
854
296
867
504
439
426
641
227
694
1032
205
366
646
151
238
246
124
499
293
18
546
430
318
520
311
935
757
873
750
212
446
659
771
15
989
869
471
786
916
338
17
945
290
957
767
785
656
772
1012
98
180
616
1014
363
764
344
361
937
20
583
985
667
976
547
288
856
152
536
938
731
819
698
501
614
261
146
21
607
378
105
462
638
660
636
981
455
451
44
64
759
665
118
532
1015
649
879
883
347
805
671
1002
705
906
831
719
460
372
441
994
963
526
798
443
956
791
680
316
624
393
978
286
182
537
634
835
522
682
333
431
103
204
437
280
931
179
922
720
551
149
674
201
419
890
874
666
741
101
273
154
519
385
193
980
827
842
10
735
543
57
915
940
422
982
635
332
801
849
176
421
379
447
383
965
864
743
241
670
620
793
449
235
82
74
1016
48
402
100
866
323
606
550
371
283
272
38
944
254
779
995
195
753
312
837
367
728
475
859
165
600
539
920
370
969
351
848
584
887
266
244
256
257
760
683
94
67
107
783
468
721
480
918
792
723
264
846
756
966
143
736
37
167
696
432
774
605
860
979
472
932
910
56
464
733
681
807
744
534
823
386
777
262
717
305
108
128
610
782
326
948
996
425
911
320
328
478
49
540
675
685
309
617
130
601
470
448
54
818
145
993
621
334
991
138
524
445
990
35
820
170
453
1010
511
972
492
593
850
749
377
568
690
709
597
343
625
761
1013
164
784
469
699
871
1008
497
888
279
1007
778
233
676
390
324
321
253
498
691
7
93
131
255
825
476
374
23
459
1003
357
947
521
503
142
505
29
65
1005
1009
119
85
486
339
780
529
527
840
465
612
172
829
884
16
748
47
444
196
463
724
572
701
327
28
75
294
488
217
687
433
249
1017
934
796
512
730
225
90
315
870
458
952
132
140
310
693
6
700
24
692
412
752
50
232
175
260
259
525
487
289
548
306
133
769
355
414
247
394
851
389
763
388
732
865
8
141
25
538
485
1004
61
157
354
26
742
197
413
292
533
39
267
300
454
221
961
619
192
857
248
148
483
686
924
863
358
345
716
664
380
974
92
285
726
73
51
739
287
628
811
695
738
78
112
481
111
307
304
650
1018
1020
299
711
226
813
352
270
60
126
76
87
102
174
228
250
251
303
368
442
473
474
484
491
507
508
514
604
630
712
747
847
852
921
973
1025
1029
1033
489
958
1031
1028
71
144
199
282
369
382
395
552
642
751
815
826
907
926
200
429
99
392
427
773
802
1021
284
1027
765
53
645
810
832
954
1006
381
69
86
350
477
647
509
953
295
360
314
319
359
781
325
271
946
975
461
95
194
452
168
206
457
275
276
277
178
418
423
440
590
718
923
353
493
490
214
776
809
281
340
853
58
150
479
734
722
714
618
913
740
737
745
84
816
19
27
252
268
308
387
929
983
998
1030
263
971
845
689
63
237
274
342
828
506
137
209
224
356
376
653
9
11
72
125
707
725
908
986
1000
482
541
298
997
278
177
868
348
245
317
265
950
955
794
134
384
615
467
787
797
817
992
301
127
941
803
187
812
623
579
679
510
951
843
901
599
855
799
14
181
545
838
631
1023
106
814
710
42
114
800
844
424
942
768
1
2
104
346
302
603
836
562
129
169
258
1024
68
912
139
629
821
729
839
46
160
135
269
746
66
622
806
962
171
943
189
158
115
1019
81
834
188
833
531
706
822
166
858
788
609
775
1011
553
335