837
830
606
919
775
601
825
909
827
206
611
910
911
915
205
596
917
620
913
771
313
3
660
994
749
609
40
429
754
943
677
955
628
907
353
614
466
735
965
150
947
682
612
742
940
594
434
312
495
261
478
712
93
923
724
518
702
315
443
283
694
221
224
698
437
244
151
741
900
109
339
282
421
914
306
743
578
173
941
12
906
619
1017
156
753
859
973
230
872
893
583
438
819
1027
820
67
783
999
149
721
781
821
926
11
530
633
756
238
37
133
577
125
860
472
810
672
440
146
937
867
727
386
8
817
892
896
485
465
703
597
79
954
792
48
49
708
13
469
989
91
838
818
473
683
589
190
30
10
791
961
991
600
203
662
884
90
641
607
370
186
136
53
764
277
560
446
336
692
264
717
316
279
933
772
625
604
393
826
711
324
681
321
433
950
213
739
100
588
2
1005
728
119
564
897
427
80
420
616
154
898
172
829
16
748
523
778
326
701
856
866
28
185
546
333
759
970
934
204
153
944
952
879
715
874
1012
747
449
693
385
441
305
528
750
908
755
383
120
731
719
996
956
263
932
414
659
851
885
250
769
394
949
763
163
823
35
25
191
294
738
61
354
197
239
92
54
378
673
726
621
73
192
549
243
463
408
148
592
766
517
358
716
586
285
380
520
875
51
44
310
78
112
309
498
903
880
481
311
111
307
371
556
497
83
304
650
567
1018
1020
38
77
587
299
56
695
226
483
813
558
352
435
581
939
361
575
270
60
108
126
128
598
17
18
20
21
22
41
47
50
55
59
65
76
87
89
94
101
102
117
118
142
143
147
155
161
174
176
195
196
208
212
225
228
229
246
249
251
254
257
259
260
280
286
288
303
329
341
343
347
357
365
368
389
400
403
405
412
413
419
442
445
455
458
460
464
471
474
484
491
492
499
507
508
514
519
522
527
537
544
547
548
561
566
574
576
584
605
630
632
636
649
655
656
661
686
687
713
723
757
760
761
796
841
846
847
852
857
881
882
888
902
916
918
921
936
945
977
980
987
1015
1016
1025
1026
1029
1033
489
958
62
344
927
669
1031
217
320
255
1028
532
426
675
75
972
554
979
543
32
71
96
105
107
144
145
199
247
272
293
363
364
369
379
382
395
407
422
436
444
459
480
494
500
501
552
557
642
663
664
751
811
815
849
894
928
938
960
1022
287
266
377
200
99
392
773
802
1021
231
870
674
300
284
835
406
515
765
807
29
159
179
645
832
995
1006
381
69
138
86
415
167
248
350
477
327
165
647
652
848
232
509
157
202
273
290
373
417
439
624
877
883
953
963
295
905
643
375
233
360
982
1014
334
314
793
805
935
319
215
359
730
431
198
453
454
349
325
322
15
271
366
559
752
873
946
975
709
131
374
1009
461
496
95
184
194
296
536
1002
452
4
168
779
626
457
330
275
276
140
448
234
372
113
178
418
423
590
718
930
762
409
493
410
490
411
318
1007
399
214
665
776
809
475
281
512
470
340
602
853
58
323
521
966
479
638
734
722
714
658
1004
432
618
988
740
688
737
571
745
780
534
699
84
122
816
97
488
5
19
23
27
132
164
211
236
252
253
256
262
268
308
331
351
355
387
402
428
451
486
505
538
550
568
613
635
640
886
929
978
981
983
984
998
1030
297
551
957
889
971
103
218
785
786
845
540
891
689
511
63
416
516
503
328
666
670
801
863
237
332
274
34
342
899
476
828
396
450
506
57
137
591
209
356
362
376
64
227
425
653
9
72
141
219
223
240
267
390
572
707
725
974
986
1000
1013
733
430
639
824
345
525
52
482
180
541
865
298
289
997
993
278
177
868
504
292
367
348
245
401
317
265
397
162
241
242
569
582
878
526
794
968
134
220
398
384
338
404
456
43
45
487
615
467
6
24
391
787
797
992
301
116
462
948
684
127
634
696
803
447
187
812
623
904
193
579
679
795
510
388
337
648
705
951
26
31
33
593
651
843
901
599
627
855
922
565
570
808
799
14
181
183
216
545
555
580
617
644
685
720
758
895
871
924
646
631
39
182
637
680
1023
985
106
88
890
814
770
710
42
114
542
36
222
800
844
850
424
524
668
700
842
942
563
533
667
74
768
1
104
110
346
585
864
876
302
603
7
152
836
789
774
862
175
539
562
573
976
98
121
123
129
130
169
207
258
697
736
967
1024
690
887
610
790
1001
68
831
861
595
959
969
1032
912
678
657
920
782
798
1003
1008
139
629
671
854
85
291
729
839
46
160
931
744
210
135
269
746
66
70
468
529
925
622
806
201
962
235
171
704
189
654
158
777
691
115
1010
170
784
1019
81
732
990
834
513
82
608
188
124
833
840
531
964
767
706
822
166
676
804
858
535
502
788
869
1011
553
335