644
641
45
341
643
930
337
457
638
766
758
651
631
79
989
16
939
770
649
627
263
640
294
241
681
934
636
656
579
149
704
1002
155
145
630
654
1023
772
936
642
1001
573
435
204
933
629
144
957
451
33
509
993
645
288
970
922
1005
1021
589
761
812
36
647
461
984
655
264
55
466
17
747
30
613
329
24
774
969
420
925
988
737
929
190
648
101
366
287
701
575
117
1012
173
265
168
238
590
163
243
52
992
998
650
97
991
1006
878
895
927
811
290
363
903
196
372
234
773
876
31
912
266
292
620
107
181
633
156
1008
828
634
519
344
88
1017
338
775
652
185
113
133
1003
289
607
40
471
370
517
10
814
448
653
110
424
715
393
206
959
741
847
479
932
5
609
330
728
198
838
2
213
1014
441
662
518
205
873
926
663
483
511
743
692
14
438
789
719
764
9
246
211
293
555
804
474
239
1009
710
994
230
313
693
496
22
436
707
726
57
956
968
600
151
551
616
1016
658
434
368
59
41
240
233
215
202
538
872
526
165
421
442
365
864
261
898
727
734
49
757
402
12
452
999
415
919
646
545
464
18
637
488
197
4
713
592
729
283
702
749
13
1013
475
854
62
439
810
966
428
949
61
291
262
500
122
273
397
598
997
89
183
671
885
672
437
506
685
430
602
619
907
15
871
231
324
253
373
751
54
931
617
260
673
371
445
209
491
767
851
216
808
108
128
91
364
446
63
180
777
717
229
825
361
593
374
628
549
547
486
632
150
182
560
720
339
323
668
349
750
557
981
470
297
588
890
664
1015
134
917
296
805
66
225
905
709
574
3
170
753
739
124
824
399
529
694
835
159
431
982
754
280
179
326
940
958
58
580
359
214
419
525
426
1007
193
980
184
390
255
865
220
121
886
675
759
332
831
827
379
837
793
80
235
490
336
23
938
946
417
286
530
856
35
569
8
465
612
453
450
544
779
309
971
626
848
688
76
327
242
723
72
454
559
455
667
116
879
744
786
1022
687
869
256
257
44
960
25
271
432
123
948
495
792
90
883
596
153
132
846
252
700
6
733
178
659
412
195
979
1033
96
50
791
591
686
65
403
795
85
259
809
520
208
492
105
621
191
345
247
389
527
272
554
732
499
928
906
161
738
512
433
449
1020
683
716
826
882
408
623
778
322
463
93
695
167
100
674
270
556
285
859
411
56
154
77
78
112
67
498
880
481
311
358
111
307
497
83
304
567
1018
38
587
299
380
711
226
813
414
577
874
558
352
581
703
60
126
92
20
21
47
51
87
94
102
118
142
143
146
147
148
172
174
176
212
228
244
249
250
251
254
303
306
310
333
343
347
357
383
400
405
413
458
460
473
478
484
507
508
514
522
537
548
561
564
566
576
584
604
605
625
661
698
712
760
771
796
841
852
857
881
888
900
902
910
916
918
921
944
945
973
977
987
996
1025
1026
1029
489
660
669
1031
217
320
731
1028
532
75
972
543
32
71
73
199
282
312
369
382
395
407
422
444
459
480
485
494
501
552
583
815
849
860
884
893
894
377
200
429
99
392
427
802
870
300
284
406
1027
515
765
807
29
48
53
682
832
897
954
961
965
995
381
69
138
86
28
248
350
477
232
157
394
601
624
877
953
963
295
375
360
334
314
935
319
730
221
781
325
752
975
131
95
194
305
385
469
536
275
276
277
140
418
423
440
718
923
762
353
409
493
410
318
665
748
776
281
340
853
315
521
722
714
1004
618
913
740
823
571
745
780
534
699
84
816
19
27
164
192
236
268
308
321
331
351
354
355
387
505
550
568
578
635
721
783
978
983
1030
889
103
218
785
820
845
540
891
689
416
516
503
328
523
136
666
670
677
742
755
801
863
237
274
34
342
899
476
396
137
528
224
356
362
472
376
64
227
386
425
11
119
125
141
219
223
267
572
725
908
974
986
1000
203
443
639
875
482
541
947
298
278
177
868
504
367
348
245
401
317
162
582
892
950
955
794
398
384
404
456
378
43
487
615
467
391
787
797
817
301
462
684
127
708
941
696
803
316
447
187
904
679
510
388
705
951
279
26
843
901
819
599
586
855
565
570
611
614
799
924
39
680
594
985
106
914
42
114
542
829
222
800
844
850
769
524
842
942
563
735
120
533
74
768
1
104
346
585
724
302
952
603
606
818
7
152
836
862
175
539
562
976
98
129
130
169
207
258
697
736
967
1024
546
690
866
887
610
790
68
861
595
1032
678
657
597
763
920
782
798
139
911
821
937
839
46
160
210
135
269
746
37
70
186
468
622
806
201
962
171
943
756
189
158
109
691
115
1010
784
1019
81
990
834
513
82
608
909
867
188
833
840
531
915
964
896
706
822
830
166
676
858
535
502
788
1011
553
335