673
665
967
964
969
871
674
666
963
869
966
686
870
669
664
677
971
970
680
972
675
663
670
661
960
684
682
962
676
185
959
660
956
213
685
958
337
344
961
223
713
232
178
155
672
671
494
22
418
146
207
404
180
228
632
230
62
667
183
443
365
53
411
362
13
882
408
668
655
530
885
373
364
495
898
535
397
396
120
409
156
88
707
581
637
198
936
633
399
21
755
790
816
456
639
542
372
439
210
219
12
45
139
529
323
123
875
240
341
135
976
824
643
59
18
101
908
136
644
986
184
196
928
778
233
97
715
273
239
930
403
883
91
640
202
865
815
980
116
935
526
678
518
109
159
880
208
407
375
15
894
563
988
162
401
604
517
48
968
688
939
229
569
549
683
212
363
849
220
916
504
431
105
705
455
255
160
937
47
681
138
758
602
366
410
218
80
122
878
641
460
950
599
1030
293
437
500
711
405
957
877
60
214
440
153
801
764
34
757
289
20
772
423
862
570
544
605
965
346
528
902
38
658
938
974
287
553
697
317
378
881
450
552
451
313
98
350
244
699
702
802
152
421
464
590
345
163
117
508
75
236
176
766
472
550
96
436
447
246
23
948
600
947
759
9
955
189
103
931
398
444
889
695
238
93
687
42
227
94
696
779
585
588
430
693
577
548
474
249
565
400
851
446
432
35
201
551
786
813
301
77
1028
499
241
515
973
625
449
1029
907
985
454
389
187
593
485
216
807
374
507
371
853
846
795
309
245
884
719
840
559
367
539
5
925
465
453
132
761
904
800
502
108
283
128
442
797
506
267
217
24
692
480
225
523
193
617
342
584
384
721
82
1004
1023
723
984
90
689
428
353
627
168
582
709
165
646
167
978
327
54
574
458
433
906
536
926
694
330
25
752
793
387
192
445
87
994
315
540
55
58
648
1031
887
724
982
525
85
2
347
534
100
263
739
538
592
204
792
130
949
650
448
252
897
119
281
580
541
332
311
106
422
573
304
488
377
768
798
1024
547
247
918
441
747
524
235
478
1010
586
993
194
512
917
944
568
690
292
290
297
1012
39
6
17
827
4
46
392
844
1026
79
81
200
284
154
594
630
1025
8
259
186
879
784
316
211
10
43
1000
149
498
260
847
131
838
348
333
203
700
61
826
243
789
863
659
615
492
691
169
40
486
527
805
760
983
769
610
511
435
356
505
29
771
420
63
725
649
954
376
698
461
922
811
188
340
781
818
531
835
338
866
516
859
546
266
914
679
324
114
841
64
726
391
173
206
140
510
326
145
286
462
796
468
16
434
57
519
312
107
406
65
73
385
701
415
14
242
359
1008
842
874
336
912
383
1017
28
622
900
121
744
305
175
254
355
932
595
320
419
195
979
831
520
934
791
205
231
388
564
306
727
265
141
226
1022
386
256
731
368
893
157
873
867
413
717
56
823
83
481
820
84
662
181
285
927
750
736
300
1009
888
763
262
370
277
361
995
221
72
810
857
459
905
270
996
773
489
271
393
575
148
414
924
469
381
638
197
282
619
645
636
89
733
358
1016
1033
735
179
587
143
483
142
614
716
623
850
71
628
703
31
310
1013
738
78
112
133
67
903
111
307
556
497
264
567
1018
1020
299
380
558
352
126
598
92
41
44
50
51
76
102
118
147
161
172
174
250
251
257
280
288
294
303
329
343
357
412
463
471
473
484
491
514
522
537
561
566
576
607
656
712
741
749
753
852
910
921
945
977
987
989
1005
1015
532
754
426
554
543
32
144
199
261
272
339
369
379
382
395
501
557
583
620
642
751
860
429
99
427
1021
1027
765
832
1006
69
86
248
477
647
652
848
509
394
417
601
624
953
295
360
1014
334
314
933
319
215
730
349
325
322
946
975
496
95
296
560
1002
452
626
457
275
276
234
113
718
923
762
493
490
318
1007
748
776
809
475
470
150
521
479
734
722
714
618
913
740
737
571
745
780
743
19
27
164
253
268
308
321
331
351
354
402
578
613
635
783
886
929
940
981
998
999
151
785
845
891
416
438
503
328
742
991
237
274
899
476
828
137
591
209
224
425
653
11
125
390
572
52
482
298
997
278
177
868
872
892
794
134
487
467
466
787
817
992
49
127
634
708
941
803
812
579
951
279
26
33
651
843
901
819
3
837
855
611
808
799
30
190
545
555
720
825
895
631
182
890
814
770
589
710
829
36
222
424
942
596
533
728
74
1
104
110
864
876
302
952
603
606
7
836
774
191
562
129
258
856
616
1001
68
861
621
1032
657
597
920
782
1003
629
854
911
821
291
729
839
269
746
37
66
70
806
612
171
943
756
704
654
158
777
115
170
1019
732
990
834
513
608
909
124
833
915
896
767
706
919
822
830
166
804
858
788
609
775
1011
335