697
687
700
977
699
691
693
696
988
981
976
973
576
978
688
983
975
678
698
689
940
294
980
588
692
985
954
559
148
982
984
80
974
941
920
951
822
695
833
536
830
838
384
837
787
894
826
889
786
987
945
435
947
897
547
809
949
842
917
446
601
538
821
215
1030
789
462
591
562
578
686
4
721
596
87
893
1024
955
298
860
953
825
593
618
989
913
811
958
1012
432
892
646
728
210
75
680
570
151
110
855
836
514
508
829
807
566
803
543
45
768
1027
915
533
509
590
963
201
338
783
7
389
800
90
991
348
752
816
194
944
32
393
507
374
606
580
639
102
832
477
113
780
595
93
625
416
799
349
684
706
343
791
847
505
910
902
835
359
952
5
564
296
635
324
567
439
259
592
511
823
583
925
513
74
617
202
997
1031
30
781
383
301
337
487
216
379
866
616
254
345
986
948
500
140
303
647
290
871
40
153
626
473
585
498
834
489
1029
720
586
561
1022
819
206
753
867
900
242
465
360
655
222
549
285
267
950
461
53
479
468
1017
802
176
263
116
946
916
806
96
907
1009
999
181
134
516
614
86
581
152
43
518
644
1026
190
388
797
221
808
818
125
719
1010
35
914
271
382
352
594
24
609
747
845
1028
722
870
437
54
29
38
579
535
603
19
558
413
331
605
704
299
1015
341
712
856
850
676
613
203
108
496
128
200
906
451
572
901
887
280
515
188
329
650
694
971
1005
537
394
48
919
230
436
11
723
733
101
725
848
908
392
459
472
260
319
64
868
336
399
649
135
26
28
175
270
628
541
39
827
794
669
1008
313
932
654
632
143
554
565
358
3
918
927
519
480
716
320
422
879
622
546
390
73
812
926
1020
205
333
531
890
859
550
627
425
642
923
597
315
475
785
275
142
1023
909
286
525
551
99
742
873
385
979
612
817
810
346
141
265
300
933
283
490
648
76
898
726
448
657
167
744
287
1021
599
584
450
972
109
78
412
710
292
936
277
484
993
912
534
702
795
157
962
828
469
361
939
62
13
849
664
378
418
424
169
55
608
996
764
186
905
414
805
250
662
354
132
272
369
886
660
22
582
938
1033
120
279
757
924
284
1013
423
33
31
311
611
149
727
872
238
444
160
264
144
66
466
527
824
420
600
703
548
793
126
372
966
731
1004
701
921
269
249
831
711
204
65
433
67
95
854
214
633
463
715
408
37
220
814
672
70
146
1003
362
197
878
156
885
92
304
737
884
330
552
430
77
8
960
25
568
246
145
12
483
309
750
94
409
253
740
21
956
673
575
621
853
499
638
240
293
735
778
397
587
218
512
326
212
449
322
683
739
273
882
248
310
478
556
813
928
738
112
133
903
880
481
970
111
307
371
497
83
1018
380
56
226
577
874
60
598
17
18
20
41
44
47
50
51
59
61
89
91
100
117
118
147
155
161
172
174
195
196
208
225
228
229
244
251
257
288
306
347
357
365
368
400
403
405
419
442
445
455
458
460
464
471
474
491
492
517
520
522
544
574
604
607
630
636
656
661
713
717
741
749
760
761
771
792
796
841
846
852
857
881
888
1016
1025
344
217
255
532
754
426
675
16
71
105
107
199
247
261
282
312
339
363
364
395
407
485
494
501
530
557
620
663
751
815
421
266
377
429
427
773
851
231
674
406
765
10
159
179
213
645
682
961
965
994
995
1006
381
69
138
415
350
327
165
652
232
370
373
417
624
681
766
877
883
295
643
375
233
1014
334
314
935
730
431
198
453
454
325
15
366
709
131
184
305
560
1002
452
168
779
457
276
234
243
178
440
718
930
762
353
493
410
411
318
1007
665
748
776
281
470
340
602
58
150
323
521
619
734
714
658
571
745
743
84
122
97
488
23
27
164
192
211
236
252
256
262
268
308
321
351
355
387
402
428
486
495
640
929
998
297
957
103
239
659
820
540
891
63
438
503
328
523
136
666
670
677
755
801
863
237
332
274
34
342
899
476
396
506
57
137
528
209
224
434
356
376
227
386
653
9
72
119
219
223
641
707
1000
443
875
52
482
180
865
289
278
177
504
367
245
401
317
162
241
569
526
968
398
185
404
456
615
467
6
391
992
49
127
634
708
316
447
187
623
904
441
193
679
510
705
651
843
922
934
14
163
183
545
555
685
758
895
631
182
637
106
88
770
589
759
42
114
542
36
844
769
524
668
942
563
667
1
2
104
724
772
864
876
302
173
774
862
191
539
573
98
121
123
129
130
154
207
258
736
967
690
610
790
1001
68
861
959
969
1032
763
782
798
139
629
671
911
937
85
291
729
839
46
931
746
529
235
171
943
756
189
158
777
115
170
784
1019
81
732
990
82
124
840
79
964
896
767
166
804
858
502
788
775
869
1011
553
335