728
720
998
997
1006
1002
706
1003
1005
117
632
164
714
299
721
912
729
989
878
970
441
1019
969
1014
182
934
999
925
654
66
393
719
743
646
993
104
831
383
97
208
491
655
374
690
726
349
423
740
639
922
296
371
996
376
731
344
772
568
209
531
625
991
121
644
345
47
394
185
992
894
758
80
335
736
23
887
558
790
533
598
106
1015
464
1008
419
653
156
650
527
424
78
889
745
373
936
649
957
716
871
994
727
1023
641
588
122
525
578
707
843
873
302
897
331
966
503
753
600
200
941
669
52
287
406
891
636
70
681
389
901
775
422
93
709
336
701
835
16
258
923
338
40
612
370
827
157
321
995
229
20
643
788
225
766
215
956
566
206
656
651
1011
988
270
353
438
833
603
511
562
502
111
96
519
118
629
576
723
592
777
543
26
979
746
261
776
155
627
595
67
705
908
814
823
722
930
638
275
902
800
667
596
680
780
580
1022
35
711
1024
385
74
840
658
569
573
37
295
660
19
277
730
905
868
635
500
855
751
971
896
962
725
518
317
1021
893
86
397
973
744
461
572
65
704
506
892
526
602
808
9
841
253
323
963
384
551
444
361
1010
300
673
322
88
235
260
72
692
380
108
128
541
764
201
252
364
446
63
293
348
69
741
318
498
604
761
789
271
549
486
7
227
175
770
487
703
556
476
752
68
356
876
554
557
105
232
981
470
505
664
890
341
685
207
950
853
666
874
517
350
243
536
882
985
724
64
391
668
473
324
583
386
824
593
849
392
266
504
435
885
342
450
332
958
134
163
92
778
510
154
3
574
495
914
565
48
509
100
616
561
640
212
799
172
91
671
807
848
675
45
125
352
866
917
1017
10
582
738
94
611
750
1029
211
734
256
315
84
544
645
619
564
181
626
381
528
459
529
265
559
1033
846
120
865
62
442
388
538
960
488
25
742
133
148
532
5
292
44
233
552
493
180
763
218
601
702
686
539
403
8
662
713
454
570
143
354
445
501
259
50
404
378
61
717
449
282
71
432
677
1031
954
768
924
910
192
399
280
870
238
311
408
906
264
850
458
411
932
167
39
246
463
245
12
347
674
628
31
695
112
309
903
880
481
358
307
497
83
304
567
1018
1020
38
77
587
739
56
226
483
813
414
577
581
939
575
60
126
13
17
18
21
22
41
51
55
59
76
87
89
101
102
142
146
147
161
174
176
195
196
205
228
244
249
250
251
254
257
285
286
288
294
303
306
310
329
333
343
357
365
368
400
405
412
413
455
460
465
471
474
478
484
492
499
507
508
514
520
522
537
547
548
584
605
607
630
633
661
687
693
698
712
747
749
757
760
771
792
796
847
852
857
881
888
900
916
918
921
944
945
977
980
987
1016
1025
1026
489
927
217
320
255
1028
754
426
75
972
32
73
107
144
145
199
230
247
272
312
339
363
369
379
382
395
407
436
480
485
494
530
620
642
663
811
815
826
860
884
907
926
928
938
949
421
377
429
99
427
773
802
851
231
284
1027
515
765
29
53
159
179
213
682
810
832
961
965
138
28
415
248
477
327
165
647
652
202
273
290
417
439
624
877
883
953
375
791
360
982
334
314
793
805
898
935
933
319
359
431
198
221
781
453
325
15
366
433
859
946
975
131
1009
496
95
184
194
283
305
469
560
879
452
4
168
779
149
457
330
276
140
448
234
372
113
178
418
440
590
718
762
409
410
490
1007
214
313
665
748
809
475
281
437
512
340
58
150
521
479
1004
618
913
688
737
571
534
699
816
27
90
132
236
262
268
308
351
355
387
402
428
451
550
613
783
886
929
940
978
983
984
1030
297
263
103
151
239
659
785
786
820
845
540
689
416
516
328
523
136
670
755
801
863
237
274
34
899
828
396
57
137
591
224
434
362
472
425
11
119
141
219
223
240
267
390
974
986
1000
1013
203
733
430
443
875
482
947
298
289
278
177
197
367
326
420
401
153
162
241
242
872
955
683
794
968
220
398
456
43
615
467
466
6
24
787
797
817
301
49
116
462
948
684
127
634
708
696
803
316
447
187
812
623
904
193
579
1012
679
795
337
648
951
279
33
819
599
204
586
837
614
14
30
54
183
190
216
545
555
617
715
825
838
895
631
637
594
589
710
759
42
114
542
829
36
222
844
769
524
700
842
942
563
735
1
2
110
346
585
864
952
606
818
173
152
836
774
862
191
976
98
123
129
130
169
697
967
856
546
610
672
1001
861
621
694
959
1032
678
657
597
920
782
798
139
854
911
821
937
85
291
839
46
160
931
210
135
269
186
468
622
806
171
943
756
189
158
109
691
115
170
784
81
732
990
834
513
82
608
909
867
188
124
79
915
964
767
919
822
830
166
676
804
858
535
609
869
553