740
1017
737
1006
738
1009
156
1010
1008
633
984
173
732
656
1013
704
758
30
1001
739
329
744
681
337
330
243
1015
655
234
190
1016
1023
145
196
652
1021
613
959
79
654
144
988
324
5
55
933
648
113
745
463
421
198
52
642
808
993
770
733
204
930
736
31
438
909
743
466
600
644
40
792
662
46
645
663
420
33
461
672
202
496
24
151
579
789
1002
41
163
925
804
211
647
13
146
741
898
89
919
760
727
749
347
231
355
441
148
1014
15
205
110
621
806
854
215
439
835
650
111
428
911
779
470
517
141
989
640
547
677
786
518
872
734
179
415
246
805
4
450
937
12
938
313
939
649
230
641
213
659
538
336
383
471
543
885
759
719
349
436
782
341
3
431
731
750
447
280
715
399
634
367
757
338
1022
25
1005
833
452
269
17
710
165
291
890
1026
767
184
847
572
611
828
180
353
940
793
361
752
810
693
264
434
519
293
591
926
235
288
636
22
149
61
417
962
949
472
351
195
795
588
1004
297
990
592
354
947
688
238
697
326
251
667
646
49
879
78
818
917
290
787
214
920
124
824
702
123
869
1029
694
268
44
45
492
968
594
516
576
167
871
9
1012
292
23
511
932
289
1032
59
499
465
445
979
374
876
170
426
912
322
193
255
980
305
448
411
430
212
57
68
332
379
627
616
864
754
936
778
780
531
712
689
423
617
402
631
530
877
537
856
972
526
272
593
552
1007
375
345
893
580
444
683
831
679
200
352
319
387
735
713
390
8
859
578
851
632
340
832
475
242
119
1018
585
339
747
105
603
575
122
370
256
257
389
799
150
558
724
240
956
934
671
686
658
437
96
927
902
239
846
507
957
10
546
95
67
853
406
794
65
868
643
742
82
791
377
250
93
443
777
262
717
220
816
556
814
258
90
18
946
132
596
35
70
362
451
886
664
182
181
191
560
6
100
412
260
157
120
304
815
259
386
50
442
551
703
618
638
483
914
533
827
563
542
453
601
709
798
699
534
568
554
129
282
995
848
539
497
424
169
299
408
996
186
994
598
409
393
982
94
570
602
797
74
101
108
128
991
21
660
440
620
691
536
279
183
870
476
233
356
115
819
287
92
284
241
365
311
102
599
51
482
837
515
469
772
207
549
610
286
160
216
771
66
1020
263
468
209
75
612
134
273
249
218
626
363
829
126
557
64
47
553
372
454
464
766
344
510
637
274
701
728
488
803
725
841
687
107
826
432
692
303
970
523
948
495
716
294
722
433
883
153
748
42
139
484
682
37
604
1033
564
103
396
521
952
360
315
1003
106
275
155
320
800
422
529
254
54
152
477
385
56
971
247
359
514
80
494
394
573
48
955
490
884
154
755
823
317
921
194
584
109
368
310
624
116
544
960
698
323
820
300
60
524
493
221
500
253
764
673
857
768
485
252
404
928
899
398
773
790
700
283
813
910
583
208
587
974
878
77
726
527
850
512
586
449
309
143
418
285
236
39
397
458
882
248
333
380
371
628
520
478
674
695
392
112
133
498
903
880
481
358
307
83
567
38
711
226
414
577
874
435
581
270
20
76
87
91
117
118
142
147
161
172
174
176
225
228
229
244
306
343
357
400
403
405
413
419
455
460
473
474
491
508
522
548
561
566
574
605
607
625
630
661
723
753
761
796
852
881
888
900
916
918
944
945
973
977
987
1025
489
958
62
669
1031
217
1028
532
675
16
32
71
73
199
261
312
364
369
382
395
407
459
480
501
751
811
849
860
894
907
266
429
99
427
802
1027
765
807
29
53
159
897
954
961
965
381
69
138
86
28
350
327
232
509
373
953
963
295
905
334
314
935
730
781
325
271
366
559
873
975
131
296
168
206
457
276
277
140
178
590
718
923
762
410
318
665
776
809
281
58
966
479
619
714
913
571
84
97
19
27
164
192
308
321
331
486
505
550
635
721
783
929
978
981
983
998
999
1030
889
785
845
540
891
63
416
503
328
136
666
670
801
863
237
34
342
506
137
528
224
376
227
425
653
11
72
125
219
223
267
707
908
986
1000
203
639
875
525
541
865
298
997
278
177
197
504
348
245
401
265
162
569
582
892
950
384
185
456
378
43
487
615
467
391
817
992
301
462
684
127
708
941
696
316
187
812
623
904
388
705
951
26
651
843
901
855
922
565
614
14
545
555
685
720
825
838
895
924
680
906
985
88
589
114
36
222
844
769
668
842
942
1
2
104
346
302
606
7
446
836
774
862
175
562
976
98
121
130
967
1024
690
866
887
861
595
969
678
657
597
763
629
821
85
729
839
931
210
135
746
622
201
171
943
756
189
158
784
1019
81
834
513
608
867
188
840
915
964
896
706
822
830
166
676
858
535
502
788
609
775
1011
335