789
787
784
1032
1022
1029
786
782
1028
329
824
858
599
1031
780
5
49
781
527
795
1026
808
4
179
82
204
344
418
24
414
802
417
178
422
35
884
420
804
624
193
797
800
415
657
615
52
113
502
333
677
1027
89
53
93
379
590
70
798
698
591
807
416
1030
428
785
893
7
783
981
45
803
38
788
1033
6
1025
796
222
29
692
421
672
407
201
301
519
440
805
890
771
434
156
258
618
688
940
108
128
674
580
163
168
336
514
794
799
898
839
530
693
102
25
436
835
205
694
855
198
859
687
667
847
281
646
28
331
991
942
155
412
283
383
360
343
879
994
528
427
393
213
62
438
425
376
961
212
565
1015
993
475
433
546
75
432
791
1004
221
820
48
384
60
426
408
897
246
278
728
352
289
568
176
215
470
696
15
810
341
809
494
652
157
963
298
892
705
695
321
860
342
750
583
846
948
731
933
348
177
1020
973
273
56
358
868
469
979
269
242
81
148
474
439
305
437
338
430
135
349
927
691
954
907
709
1001
547
260
359
398
199
1021
90
378
203
594
613
848
533
678
595
792
92
270
596
806
525
998
98
925
513
983
946
211
143
751
194
538
1016
463
167
419
124
985
829
531
140
274
303
350
122
361
904
689
30
491
423
543
395
277
400
389
716
699
1005
849
327
31
837
611
365
374
369
621
866
353
403
603
59
725
340
793
172
899
33
282
185
284
748
396
881
668
635
633
955
99
739
149
462
254
86
606
779
265
592
721
347
55
443
165
977
562
982
117
811
822
411
1010
659
1024
173
920
614
477
36
747
842
759
394
647
579
535
334
138
532
3
939
8
906
1018
291
39
885
895
524
323
997
642
96
676
262
505
200
272
639
901
570
501
511
644
409
202
362
11
515
853
910
499
989
188
147
663
190
576
757
345
216
461
719
197
392
718
64
206
593
54
649
486
296
280
560
566
356
601
720
630
541
509
134
40
891
558
708
1008
664
610
654
632
913
431
209
20
622
390
328
625
170
697
627
752
314
517
377
722
512
315
468
275
142
286
97
941
339
651
385
71
145
612
235
346
938
42
1007
371
326
701
451
900
12
490
648
388
175
448
744
584
164
109
181
292
936
971
537
214
518
41
363
312
37
256
465
429
116
123
764
658
712
290
905
317
386
662
354
195
578
582
827
44
924
552
1009
459
944
918
319
996
399
726
619
554
26
549
902
313
77
287
953
878
932
245
450
250
628
1013
813
78
112
309
133
67
498
903
880
481
970
311
111
307
556
497
83
304
650
264
567
587
299
380
711
226
483
577
874
80
435
581
575
703
126
598
13
17
18
21
22
47
50
51
61
65
76
87
91
94
100
101
118
146
161
174
196
208
225
228
229
244
249
251
257
259
285
288
294
306
310
357
368
405
413
442
445
455
458
460
464
471
473
478
484
492
507
508
520
522
544
548
561
564
574
604
605
607
636
655
656
661
686
702
713
717
723
741
749
753
760
761
841
852
857
882
888
916
921
945
980
987
489
660
958
669
217
320
255
754
675
972
16
32
73
105
107
144
230
247
261
293
364
382
444
480
485
500
557
620
815
826
894
926
928
949
956
960
266
449
773
851
231
870
300
406
765
10
159
238
645
682
832
965
995
1006
381
1017
69
248
232
370
373
681
766
877
883
295
643
375
233
1014
935
730
453
454
325
322
271
366
559
873
975
131
496
95
184
536
1002
452
626
457
330
276
234
243
372
923
930
762
493
410
318
665
776
917
602
58
150
521
966
479
638
734
714
988
740
737
823
571
745
534
743
84
816
488
19
23
27
132
192
236
252
253
268
308
351
355
387
402
495
550
640
886
929
978
984
999
297
551
957
263
889
103
151
218
239
738
845
540
63
516
503
523
136
666
670
742
755
801
863
237
332
34
476
828
506
57
137
224
472
227
653
9
72
119
125
141
219
223
240
267
572
641
673
707
908
974
986
1000
733
875
482
180
865
947
504
367
401
153
397
162
241
569
872
950
683
526
968
220
404
456
43
487
467
466
391
817
992
684
127
634
316
447
187
812
623
441
1012
679
510
337
951
279
843
819
586
922
934
14
183
545
555
617
685
715
758
825
838
871
631
182
637
680
1023
106
88
814
770
589
710
914
114
542
778
844
850
769
324
424
700
563
735
120
74
768
1
2
104
110
585
724
772
864
876
302
952
818
588
152
446
600
836
774
862
191
539
573
976
121
129
130
154
169
207
736
967
856
690
887
616
727
790
68
831
861
959
969
912
597
763
1003
139
629
671
854
911
821
937
85
729
46
160
931
210
746
66
186
529
962
171
943
756
704
189
158
777
115
1019
732
990
834
608
909
867
833
840
79
915
964
896
767
706
919
830
166
609
775
869
1011
553
335