21
12
17
22
20
872
11
747
758
13
749
18
10
23
748
751
754
15
770
16
775
101
336
777
776
6
679
19
765
774
753
9
984
863
756
750
977
433
752
58
122
1028
923
507
760
773
102
684
159
304
654
673
633
329
397
204
330
155
1022
362
596
671
451
824
230
238
322
632
163
455
579
333
50
36
584
766
771
30
968
721
795
761
460
346
261
342
613
184
568
886
935
712
704
396
822
656
563
165
8
772
52
762
437
702
375
755
854
62
57
274
5
781
901
365
893
34
338
409
207
3
209
337
669
661
234
480
85
86
518
655
180
192
505
134
602
957
186
228
640
786
494
411
364
637
168
694
456
996
341
210
40
491
508
146
1027
658
38
643
768
666
444
495
478
404
372
332
448
515
576
117
400
321
240
680
998
219
906
459
873
399
745
630
778
120
649
211
373
156
371
398
764
939
882
220
151
465
252
789
810
763
539
831
798
55
235
941
947
239
291
222
429
815
1014
476
212
208
358
432
267
202
216
315
355
271
434
931
652
970
447
562
41
759
875
309
879
44
574
410
197
183
116
279
591
719
94
936
51
243
561
592
1001
757
930
560
885
790
672
618
989
343
408
635
256
506
164
496
808
162
677
160
47
898
450
374
564
125
88
82
517
619
528
348
799
705
157
190
344
1033
401
458
980
474
129
113
668
1015
535
571
972
166
383
662
366
61
363
740
65
646
33
205
534
502
167
195
846
53
727
325
866
900
945
282
842
549
49
79
792
616
259
857
566
136
1026
324
426
713
961
280
639
402
988
868
580
176
1000
910
198
249
835
246
97
916
45
272
268
177
178
109
948
377
148
940
843
887
147
407
471
626
540
828
625
956
189
500
556
547
841
615
191
617
173
443
473
306
832
123
1005
174
644
418
294
944
844
504
221
527
1013
1004
302
621
393
1025
345
284
578
297
511
215
928
729
784
816
439
446
218
949
1002
229
1030
682
356
413
260
241
599
452
791
1003
428
154
710
622
66
533
367
1016
445
262
959
1018
707
179
143
87
91
475
431
611
973
693
536
150
142
542
98
67
54
130
793
604
77
995
586
779
242
555
852
438
138
648
663
871
769
593
538
979
709
108
128
370
735
320
1023
449
172
610
714
848
603
667
743
883
545
60
627
514
530
118
954
925
349
974
135
819
69
685
379
881
59
89
938
466
503
250
607
442
417
600
933
206
335
161
588
436
276
736
867
493
317
964
804
213
892
918
196
430
78
927
963
975
976
914
520
720
257
692
559
251
185
966
738
48
361
567
323
1029
519
311
75
313
31
245
103
486
859
139
286
352
203
676
826
231
479
805
378
182
421
802
641
492
546
794
818
943
537
288
856
499
299
605
929
659
340
1007
199
874
80
285
526
331
357
403
733
253
310
981
96
376
722
359
305
861
558
131
56
389
236
746
319
441
997
29
244
806
888
394
849
415
368
647
532
908
847
281
550
350
27
264
145
420
4
583
472
488
470
35
283
269
598
688
788
386
642
553
718
796
388
225
513
137
628
328
380
258
955
74
1012
255
896
100
691
200
869
424
326
523
303
327
960
233
860
845
839
902
512
987
525
783
301
468
140
920
1009
785
106
636
767
90
723
725
501
278
423
307
454
985
782
298
232
405
181
226
731
28
850
300
608
585
950
821
64
919
697
834
937
899
889
308
14
811
347
25
464
581
482
463
334
687
544
877
425
624
870
265
524
683
68
1010
81
115
124
105
715
76
557
891
932
695
690
316
696
1017
717
392
132
787
999
665
865
814
638
594
351
522
193
354
801
741
670
681
277
686
114
601
813
614
703
1021
983
292
548
248
708
922
880
293
890
664
435
395
838
716
572
739
837
391
187
678
217
275
653
92
726
952
263
483
99
37
577
484
543
827
820
1006
823
153
993
565
295
42
406
152
419
971
1020
387
369
521
382
121
645
95
994
926
700
921
254
385
853
732
897
141
903
590
453
698
412
978
287
884
552
589
290
570
83
93
851
575
878
71
39
273
112
133
498
481
111
497
650
587
711
414
270
126
489
660
958
1031
675
554
32
73
107
144
247
312
339
422
485
620
894
907
266
427
674
807
965
381
477
509
953
905
360
982
314
730
946
461
194
296
469
149
457
440
353
490
318
214
809
917
734
913
737
780
699
84
551
689
63
416
516
742
991
237
224
227
72
119
223
390
986
541
289
569
582
384
43
487
467
24
797
817
992
462
127
634
803
812
623
904
510
951
26
651
855
934
825
895
924
631
829
800
942
728
1
2
104
110
701
724
864
876
606
7
836
862
175
573
169
967
1024
595
969
1032
912
657
597
1008
629
911
46
744
70
529
201
962
612
171
158
170
1019
990
909
188
833
840
531
915
706
830
858
609
1011