702
103
613
181
242
185
232
713
82
579
231
238
47
784
506
377
304
230
362
931
795
220
241
131
790
157
243
116
440
106
373
7
627
237
1015
346
200
957
307
875
375
668
233
367
444
156
939
507
211
690
382
378
22
155
742
244
49
212
651
122
370
491
757
183
182
376
374
508
735
612
206
755
184
442
725
117
372
159
489
443
633
968
121
305
84
123
635
120
254
394
180
436
197
239
434
229
636
450
433
380
930
78
112
309
133
67
498
903
880
481
970
311
358
111
716
371
556
497
83
650
264
567
1018
1020
38
77
587
299
739
56
695
711
226
483
813
414
577
874
558
80
352
408
435
581
361
575
703
270
60
108
126
128
598
92
8
12
13
17
18
20
21
41
44
50
51
55
59
61
65
76
87
89
91
94
100
101
102
118
142
143
146
147
148
161
172
174
176
195
196
205
208
225
228
246
249
250
251
257
259
260
280
285
286
288
294
303
306
310
329
333
336
341
343
347
357
365
368
383
389
400
403
405
412
413
419
445
455
458
460
463
464
465
471
473
474
478
484
492
499
514
517
518
519
520
522
527
537
544
547
548
549
561
564
566
574
576
584
604
605
607
625
628
630
632
649
655
656
661
686
687
693
698
712
717
719
723
726
741
747
749
753
760
761
771
792
796
841
846
847
852
857
881
882
888
900
902
910
916
918
921
936
944
945
973
977
980
987
989
996
1005
1016
1025
1026
1029
1033
660
958
62
344
927
669
932
1031
217
320
255
731
1028
532
764
754
426
675
75
972
554
979
543
16
32
71
73
96
105
107
144
145
199
247
261
272
282
293
312
339
363
364
369
379
395
407
422
459
480
485
494
500
501
530
552
557
583
620
642
663
664
751
811
815
826
849
860
884
893
894
907
926
928
938
949
956
960
1022
35
287
421
266
429
99
392
427
449
773
802
851
1021
870
674
300
284
835
406
1027
515
765
807
10
29
48
53
179
213
645
682
810
832
897
954
961
965
994
995
1006
381
1017
69
138
86
28
415
167
248
350
477
327
165
647
652
848
509
202
273
290
417
439
601
624
681
766
877
883
953
963
295
905
393
643
791
360
982
1014
334
314
793
805
898
935
933
319
215
359
730
431
198
221
885
781
453
454
349
325
322
15
271
366
559
752
859
873
946
975
709
1009
461
496
95
194
283
296
385
469
536
560
879
1002
452
4
168
779
149
626
457
330
275
276
277
140
448
234
93
113
178
418
423
590
718
923
762
353
409
493
410
490
411
318
1007
399
214
313
665
748
776
809
475
917
281
437
512
470
340
602
853
315
58
150
323
521
966
479
638
619
734
722
714
658
1004
432
618
913
988
740
688
737
823
571
745
780
534
699
743
816
97
488
5
19
23
27
90
132
164
192
236
252
253
256
262
268
308
321
331
351
354
355
387
402
428
451
486
495
505
538
550
568
578
640
721
783
886
929
940
978
981
983
984
998
999
1030
297
551
263
889
971
151
218
659
738
785
786
820
845
540
891
40
689
511
63
416
516
438
503
328
523
136
666
670
677
801
863
991
332
274
34
342
899
476
828
396
57
137
591
528
209
224
356
472
64
227
386
425
653
9
11
72
119
125
141
219
223
240
267
390
572
641
673
707
908
974
986
1000
1013
203
733
430
639
824
345
525
52
482
541
865
947
298
289
997
993
278
177
868
504
292
326
420
348
245
401
153
317
265
397
162
569
582
872
878
892
950
955
683
526
794
134
398
384
338
404
456
43
45
487
615
467
466
6
24
391
787
797
817
992
301
462
948
684
127
634
708
941
696
803
316
447
187
812
623
904
441
25
193
750
1012
679
510
388
337
648
705
951
279
26
31
33
593
843
901
819
599
3
204
586
827
837
855
922
934
565
570
611
614
692
808
799
14
30
54
163
190
216
545
555
580
617
644
685
715
720
758
825
838
895
871
924
646
631
39
592
637
680
906
1023
594
985
88
890
814
770
589
710
914
759
42
114
542
829
36
222
800
778
844
850
769
324
424
524
700
842
942
563
596
533
728
667
74
768
1
2
104
110
585
701
724
772
864
876
302
952
603
606
818
588
173
152
446
600
836
789
774
862
175
191
539
562
573
976
98
129
130
154
169
207
258
697
736
967
1024
856
546
866
887
610
672
616
727
1001
68
831
861
621
694
595
959
969
1032
912
678
657
597
662
763
920
782
798
1003
1008
139
629
671
854
911
821
937
85
291
729
839
46
160
744
210
135
269
746
37
66
70
186
468
529
925
622
806
201
962
235
171
943
756
704
189
654
158
777
109
691
115
1010
170
1019
81
732
990
834
513
608
909
867
188
124
833
840
531
79
915
964
896
767
706
919
822
830
166
676
804
858
535
502
788
609
775
869
1011
553
335