33
32
29
30
26
40
947
113
115
887
329
940
24
337
527
859
330
984
847
959
384
432
79
52
18
201
758
547
822
856
139
190
534
466
789
468
215
923
954
148
654
786
7
28
4
313
941
568
894
38
864
1026
515
207
767
240
725
191
435
147
279
75
234
416
704
842
843
1027
1029
613
182
538
45
465
779
336
5
469
315
933
119
759
55
513
444
669
652
202
303
747
507
1001
437
805
721
177
630
722
1028
838
1024
31
879
430
860
627
989
766
137
520
791
473
830
528
988
198
243
892
173
338
453
1005
922
210
863
1015
663
716
163
618
19
355
530
54
1022
807
281
361
323
578
633
770
265
889
67
586
949
925
713
635
517
804
157
205
667
787
10
637
902
12
454
810
257
93
76
753
441
493
897
768
331
448
256
341
90
104
41
496
893
934
687
1016
784
763
452
689
836
413
532
511
91
110
742
684
706
343
37
697
662
640
898
300
246
596
728
833
449
149
206
777
415
567
1030
211
274
276
86
560
269
558
671
917
854
1031
439
213
607
428
524
438
951
487
1010
992
610
920
89
986
280
783
277
672
848
595
800
15
231
648
834
693
1032
994
94
682
564
709
17
592
754
238
186
378
867
656
886
808
1033
827
35
655
979
180
108
128
68
3
39
731
1004
855
1003
16
259
657
44
429
287
643
209
386
806
958
195
611
999
87
436
750
821
474
43
397
297
778
931
232
576
593
533
797
367
1002
757
529
268
145
906
691
167
124
13
736
138
845
694
819
649
835
632
983
8
870
362
431
120
832
319
179
622
248
639
102
780
463
374
344
914
809
151
773
426
193
980
184
521
851
57
572
332
619
420
379
616
499
981
793
650
235
501
938
417
197
712
566
61
740
509
1020
326
503
692
141
781
688
242
537
135
561
866
516
727
518
900
872
165
175
944
283
345
794
123
577
658
678
735
792
320
422
982
294
846
333
659
580
987
370
591
475
785
824
118
647
262
795
178
154
347
873
696
460
85
823
646
194
617
272
221
698
412
271
614
260
953
434
399
723
512
543
414
554
450
733
156
411
974
100
144
309
966
196
932
715
885
56
77
78
112
133
498
903
880
481
970
311
358
111
307
371
556
497
83
304
264
1018
587
299
380
739
695
711
226
483
813
874
80
352
408
581
939
575
703
270
60
126
598
92
20
21
22
47
50
51
59
65
101
117
142
143
146
155
161
172
174
176
208
212
225
228
229
244
249
250
251
254
285
286
288
306
310
357
365
368
383
389
400
403
405
419
442
445
455
458
464
471
478
484
491
492
508
514
519
522
544
548
549
574
584
604
605
625
628
636
661
686
702
717
719
726
741
749
760
761
771
796
841
852
857
881
882
888
910
916
918
921
936
945
973
977
996
1025
489
660
62
927
217
255
764
675
972
71
73
96
105
107
199
230
247
261
282
293
312
339
363
364
369
382
395
407
459
480
485
494
500
552
557
583
620
642
664
751
811
815
826
849
884
907
926
928
956
960
421
266
377
200
99
392
427
802
1021
674
284
406
765
48
53
159
645
961
965
995
1006
381
1017
69
350
477
327
273
290
373
394
601
624
681
877
883
963
295
905
393
375
233
360
1014
334
314
935
359
730
349
325
322
366
433
559
752
946
975
131
1009
461
95
296
305
385
536
168
626
457
275
140
372
418
423
440
590
718
930
762
353
409
410
490
318
1007
214
665
748
776
470
340
602
853
58
150
479
638
734
714
913
737
571
745
699
743
84
122
816
97
488
23
27
132
164
192
236
252
253
308
321
351
354
387
402
451
486
495
505
550
929
978
998
551
957
263
971
103
218
239
738
820
540
891
63
328
523
136
666
670
677
755
801
991
237
34
342
899
476
828
396
506
224
356
472
376
64
227
425
653
9
11
72
125
219
223
267
390
641
673
707
908
1000
1013
203
443
875
525
482
541
865
298
289
997
993
278
868
504
292
348
245
401
153
317
162
241
569
582
878
950
955
683
526
968
134
220
398
185
404
456
615
467
6
391
817
301
49
116
462
948
127
634
708
803
316
447
187
812
623
904
25
579
1012
679
510
388
705
651
901
599
204
837
565
570
799
14
181
183
216
545
555
644
685
720
825
895
871
924
631
680
1023
594
985
106
88
890
814
589
710
42
114
542
829
36
222
844
850
769
324
424
668
700
942
563
74
1
2
346
585
701
724
772
876
302
952
603
606
818
588
152
446
600
774
862
539
562
573
976
98
121
129
130
169
258
967
546
690
790
831
861
621
969
912
597
782
798
1008
629
911
937
291
729
839
46
160
744
746
66
70
962
612
171
943
756
189
158
109
170
1019
81
732
990
82
608
909
188
840
531
915
964
896
919
166
676
858
535
502
788
609
775
869
1011
553
335