119
668
157
121
185
957
370
516
375
651
364
798
525
82
968
377
506
155
237
990
939
702
98
644
431
784
795
637
256
123
639
346
304
882
252
181
133
241
579
684
649
238
518
366
362
1008
156
154
508
136
243
117
549
419
653
209
367
229
45
373
122
440
106
285
542
7
103
1015
212
120
200
936
655
963
613
91
568
652
365
376
233
646
638
763
444
640
705
661
526
627
159
507
211
873
725
382
720
372
626
937
160
587
406
648
790
17
242
231
633
94
938
742
88
679
1022
49
629
853
785
378
927
592
163
1026
491
757
183
182
713
230
563
292
374
808
880
371
559
239
73
735
411
456
996
24
690
797
218
206
144
567
535
930
184
13
101
654
143
445
338
933
115
779
124
188
486
439
232
724
527
443
647
305
66
509
832
379
210
635
979
410
199
753
877
112
235
671
254
519
966
807
856
394
104
180
759
682
162
436
441
255
645
886
528
118
197
244
514
954
368
734
584
434
918
636
681
552
132
397
116
617
260
259
570
363
987
140
632
398
673
621
543
65
433
511
22
380
355
577
664
766
399
167
352
12
885
450
310
556
1013
78
309
67
498
903
481
970
311
358
111
716
307
497
83
650
264
1018
1020
38
77
299
739
56
695
711
226
483
813
414
874
558
80
408
435
581
361
575
703
270
60
108
126
128
598
92
8
18
20
21
41
44
47
50
51
55
59
61
76
87
89
100
102
142
146
147
148
161
172
174
176
195
196
205
208
225
228
246
249
250
251
257
280
286
288
294
303
306
329
333
336
341
343
347
357
383
389
400
403
405
412
413
442
455
458
460
463
464
465
471
473
474
478
484
492
499
517
520
522
537
544
547
548
561
564
566
574
576
604
605
607
625
628
630
656
686
687
693
698
712
717
719
723
726
741
747
749
760
761
771
792
796
841
846
847
852
857
881
888
900
902
910
916
921
944
945
973
977
980
989
1005
1016
1025
1029
1033
489
660
958
62
344
669
932
1031
217
320
731
1028
532
764
754
426
675
75
972
554
16
32
71
96
105
107
145
247
261
272
282
293
312
339
369
395
407
422
459
480
485
494
500
501
530
557
583
620
642
663
751
811
815
826
849
860
884
893
894
907
926
928
949
956
960
35
287
421
266
429
99
392
427
449
773
802
851
1021
870
674
300
284
835
1027
515
765
10
29
48
53
179
213
810
897
961
965
994
995
1006
381
1017
69
138
86
28
415
248
350
477
327
165
848
202
273
290
417
601
624
883
953
295
905
393
643
791
360
982
1014
334
314
793
805
898
935
319
215
359
730
198
221
781
453
454
349
325
322
15
271
752
859
946
975
709
131
1009
461
496
95
194
283
296
385
469
536
560
879
1002
452
4
168
149
457
330
275
276
277
448
234
93
113
178
418
423
590
718
923
762
353
409
493
490
318
1007
214
313
665
748
776
809
475
917
281
437
512
470
340
602
315
58
150
323
521
479
619
722
714
658
1004
432
618
913
988
740
688
737
823
571
745
780
534
699
743
84
816
97
488
5
19
23
27
90
164
192
236
253
262
268
308
321
331
351
354
387
402
428
451
495
505
538
550
578
721
783
929
940
978
981
983
984
998
999
1030
297
551
263
889
971
151
659
738
786
820
845
540
891
40
689
63
416
438
503
328
523
666
670
677
755
801
863
991
332
274
34
342
899
476
828
396
57
137
591
224
356
472
64
227
386
425
9
11
72
125
141
219
223
240
267
390
572
641
707
908
974
986
1000
203
733
430
824
875
345
52
482
541
865
947
298
289
997
993
278
177
868
504
326
420
348
245
401
153
317
265
569
582
872
878
892
950
955
683
794
134
220
384
404
43
487
615
467
466
6
391
787
817
992
301
462
948
127
634
708
941
696
803
316
447
187
812
623
904
25
193
750
1012
510
388
337
951
279
26
31
33
593
843
901
819
599
3
204
586
827
837
855
922
934
565
611
614
692
799
14
30
54
190
216
545
555
580
685
715
758
825
838
895
871
924
631
39
680
906
1023
594
985
890
814
770
589
710
914
42
114
829
36
222
800
778
844
850
769
324
424
524
700
842
942
596
533
728
667
74
768
1
2
110
585
701
772
864
876
302
952
603
606
818
588
173
152
446
600
836
789
774
862
175
191
539
562
573
976
129
130
169
207
258
697
736
967
1024
546
866
887
610
672
616
727
1001
68
831
861
694
595
959
969
1032
912
678
657
597
662
920
782
1003
139
854
911
821
85
291
729
839
46
931
744
135
269
746
37
70
186
468
529
925
622
806
201
962
612
171
943
756
704
189
158
777
109
691
1010
170
1019
81
732
834
513
608
909
867
833
840
531
79
915
964
896
767
706
919
822
830
166
676
804
858
502
788
609
775
869
1011
553
335