267
288
812
292
295
287
290
479
2
701
590
101
584
263
286
570
555
100
293
244
264
266
265
1
294
133
870
110
696
766
876
47
259
569
285
118
864
78
289
461
447
956
589
79
891
87
904
759
489
368
354
585
968
703
357
972
131
538
482
922
71
115
1018
89
103
902
724
72
504
480
525
378
238
26
365
905
524
427
231
903
385
527
10
381
635
664
885
900
488
179
358
955
671
64
108
128
65
452
830
924
81
125
178
412
419
580
455
825
185
592
646
457
623
1002
380
494
883
346
957
855
255
58
582
889
548
772
236
529
614
884
935
456
925
510
566
23
754
418
92
602
1016
246
173
517
126
296
693
476
256
513
997
550
868
183
114
679
857
232
387
683
104
107
617
509
716
575
593
247
484
893
520
307
350
417
826
209
487
915
695
768
633
540
62
116
728
561
146
57
873
59
414
176
537
581
372
519
702
958
164
532
624
9
449
371
678
41
386
439
90
428
132
944
312
999
677
814
84
432
80
543
48
558
559
459
846
740
327
413
896
971
735
74
319
262
157
916
899
273
699
499
810
663
576
594
508
567
717
423
871
311
811
729
987
140
276
773
817
608
182
621
356
229
349
93
483
907
241
599
898
674
829
51
149
778
807
337
415
218
399
227
507
401
38
962
684
682
553
697
668
233
397
783
722
980
1020
727
474
353
420
134
161
210
616
199
405
850
574
877
816
117
565
913
626
77
516
28
738
45
152
687
471
669
752
820
936
837
242
196
453
168
982
596
153
874
552
127
31
500
618
1001
928
136
220
261
528
24
658
573
867
187
383
761
260
744
309
659
544
827
978
927
1028
478
493
1009
926
8
568
534
369
13
409
370
398
249
583
686
22
554
85
918
73
333
587
824
914
878
875
250
632
283
352
12
600
347
450
392
859
930
411
56
112
67
498
880
481
970
111
556
497
83
304
650
299
739
711
226
813
577
408
435
939
361
270
60
598
17
18
20
21
44
50
55
61
76
91
94
102
142
143
147
148
155
156
172
174
195
205
208
212
225
228
251
254
257
280
303
306
310
329
336
341
343
389
400
403
442
445
458
460
463
464
465
473
491
492
514
518
522
547
549
564
604
605
607
625
628
630
636
649
655
656
661
698
712
713
719
723
726
741
747
749
753
757
760
771
792
796
841
847
852
881
882
888
910
921
945
973
977
989
996
1005
1015
1025
1026
1029
1033
660
344
932
1031
217
320
731
764
426
675
75
979
16
32
96
105
144
145
230
272
282
339
363
364
379
382
395
407
422
436
444
485
501
530
557
620
642
751
815
849
860
894
938
949
960
1022
35
421
377
200
429
99
802
851
1021
300
284
835
406
1027
515
765
29
53
159
213
645
832
897
954
961
965
994
995
1006
1017
69
138
86
167
248
477
165
647
652
848
202
373
394
601
681
953
963
393
643
375
791
360
1014
334
314
793
805
933
215
359
730
431
198
221
781
454
325
322
15
271
366
433
946
975
709
374
496
95
184
194
305
469
536
560
879
4
206
779
330
275
277
448
234
243
113
440
718
923
762
410
490
318
1007
214
313
665
748
776
809
475
917
281
437
512
470
340
853
315
150
323
521
966
638
619
734
714
1004
988
688
737
823
571
745
780
743
122
97
5
19
27
192
211
252
253
268
308
321
331
351
355
402
451
486
495
505
578
613
640
721
886
929
940
981
983
984
998
1030
297
551
151
239
785
786
845
40
689
511
63
416
438
503
328
523
666
670
742
755
801
863
991
237
332
274
34
342
828
396
506
137
591
224
434
362
472
376
425
653
11
119
141
219
223
240
390
572
641
673
707
725
908
974
986
1000
1013
203
733
430
443
639
345
52
180
541
865
947
298
993
278
177
197
367
326
348
245
317
162
872
892
950
526
794
384
338
404
43
615
467
466
6
391
787
797
992
301
49
462
948
634
708
941
803
316
441
25
193
579
750
1012
795
388
648
705
951
279
33
651
843
901
819
3
204
586
627
934
611
692
808
799
14
30
54
163
181
190
216
545
644
685
715
720
758
838
895
631
39
637
680
906
1023
985
106
88
890
770
710
42
542
36
222
800
844
769
324
424
700
842
942
563
120
533
667
302
952
603
606
818
588
7
446
836
789
774
862
175
191
539
562
976
98
121
123
129
130
154
169
207
258
736
967
1024
856
546
690
866
887
610
672
790
68
831
861
694
595
959
969
1032
912
657
597
662
763
920
782
798
1003
1008
139
629
854
911
821
937
291
839
46
160
931
135
269
746
37
66
70
186
468
622
806
201
235
612
171
943
756
704
189
654
158
777
109
691
1010
170
784
1019
732
990
834
82
909
188
124
833
840
531
964
767
706
919
822
166
676
804
858
535
502
788
609
775
869
1011
335