54
282
50
189
53
284
271
206
214
195
56
194
270
61
276
221
283
358
99
52
269
273
281
272
51
55
275
992
350
381
268
34
279
198
557
858
616
347
274
190
685
977
879
896
197
323
356
168
901
946
610
716
361
238
965
316
383
352
390
393
613
41
1002
995
721
755
885
635
907
326
226
561
184
191
1005
329
1028
754
315
224
1007
250
719
30
81
799
991
333
38
196
64
25
215
193
85
162
318
919
658
63
680
36
137
628
705
993
912
542
597
655
996
798
970
129
495
322
147
552
720
8
810
821
980
777
59
914
726
940
476
789
746
507
169
42
723
882
774
945
482
374
916
192
906
377
242
975
44
243
835
354
735
113
478
216
593
588
1003
461
724
861
170
886
580
553
57
342
332
210
317
760
114
793
235
704
881
753
546
251
900
394
16
692
586
935
831
794
866
471
703
351
245
709
67
387
159
13
474
828
33
786
382
1022
994
854
617
465
711
320
666
899
359
672
712
538
386
1004
494
647
846
827
859
820
181
138
355
368
742
31
518
109
559
930
163
979
737
430
939
642
330
1026
411
592
715
589
1023
614
290
485
601
10
445
154
700
469
105
621
143
178
263
230
492
40
927
575
499
851
65
1009
389
58
549
638
558
280
179
345
208
233
249
766
3
156
868
583
664
933
392
167
903
850
460
433
39
73
483
313
683
371
520
870
674
310
556
695
78
112
309
133
498
880
481
311
111
307
497
83
304
650
264
567
1018
1020
77
587
299
380
739
813
414
577
874
80
408
435
581
60
108
126
128
598
92
12
17
18
20
21
22
47
76
87
89
91
94
100
101
102
117
118
142
146
148
155
161
172
174
176
205
212
225
228
229
244
246
254
257
259
260
285
286
288
294
303
306
336
341
343
357
365
400
403
405
412
413
419
442
455
458
463
464
473
484
491
508
514
517
519
522
527
537
544
547
548
564
566
574
576
584
604
605
607
625
630
632
633
636
649
656
661
686
687
693
698
702
713
717
741
747
749
757
761
771
792
796
841
847
852
857
888
902
910
918
921
936
944
973
987
989
1015
1016
1025
1029
1033
489
660
958
62
344
669
932
1031
217
255
731
532
764
426
675
75
972
554
543
32
71
96
107
144
145
199
247
261
293
312
339
363
364
369
379
395
407
422
436
444
459
480
500
501
530
620
663
751
811
815
826
849
860
884
893
894
926
928
938
949
956
960
35
287
421
266
200
429
427
449
773
802
1021
231
300
406
1027
515
765
807
29
48
213
645
682
832
897
954
961
1006
1017
69
86
28
415
248
477
327
165
652
848
232
509
157
202
370
373
417
439
624
681
877
883
953
963
295
905
643
375
791
360
982
1014
334
314
805
898
319
730
431
781
453
454
349
325
15
366
752
873
131
496
95
296
305
385
536
560
452
4
779
149
626
457
277
140
448
234
372
93
418
423
440
590
718
923
762
353
409
493
410
490
399
665
748
776
809
475
917
437
512
470
340
602
853
150
521
966
479
619
734
722
714
432
618
913
988
740
688
823
571
745
780
534
699
743
84
122
816
97
488
5
19
23
27
90
132
164
211
236
252
253
256
262
308
321
331
402
428
451
486
505
550
568
578
640
783
929
978
981
983
984
998
999
1030
297
551
957
889
971
103
151
218
239
659
738
785
845
540
891
689
511
416
516
438
503
328
523
136
670
677
801
863
237
396
450
506
591
528
209
434
362
472
376
227
425
653
9
11
72
119
125
141
219
223
240
267
572
641
673
707
725
908
974
986
1000
1013
203
733
443
639
824
875
525
180
541
865
947
298
289
997
278
177
504
292
367
420
348
401
153
265
397
241
569
582
872
878
892
950
955
526
968
134
220
398
384
338
185
404
456
378
43
45
487
615
467
466
6
24
391
787
797
817
301
49
116
462
948
684
127
634
708
941
696
803
447
187
812
623
904
441
579
750
1012
679
795
510
388
337
648
951
26
651
843
819
599
204
627
837
855
922
934
565
570
611
808
14
183
545
555
644
758
825
838
895
871
924
646
631
182
637
594
985
106
88
890
814
770
710
759
829
222
800
778
844
769
324
424
524
668
842
942
563
596
120
533
728
667
74
768
1
2
104
110
346
585
701
772
864
876
302
952
603
606
818
173
7
152
446
600
836
862
175
539
562
573
976
98
121
123
130
207
258
697
736
967
1024
856
690
887
727
790
1001
68
694
595
959
969
1032
678
657
662
763
920
782
1008
139
629
671
911
937
291
729
839
46
160
931
744
135
37
66
70
186
468
529
925
622
806
201
962
612
171
943
756
654
158
691
115
1010
784
1019
732
990
834
513
82
608
909
867
188
124
833
840
531
79
915
964
767
706
822
830
166
676
804
535
502
788
609
775
869
1011
335