215
60
134
946
359
199
835
354
386
591
360
276
582
379
540
52
61
514
803
352
768
5
96
1030
708
840
348
963
515
206
190
1001
79
545
350
519
298
646
752
75
349
981
97
384
394
535
787
278
809
728
663
618
557
370
799
24
361
991
283
925
440
757
488
1022
200
961
194
383
1010
694
696
786
533
521
32
940
118
596
281
805
829
543
580
198
890
156
808
242
887
676
1026
822
541
506
547
513
793
176
439
301
1014
665
151
518
356
789
258
23
565
140
86
303
855
355
916
347
613
791
268
522
116
99
254
4
660
389
720
365
780
868
316
207
1029
837
214
345
727
512
279
222
274
1008
209
221
50
520
49
899
910
802
655
988
494
635
296
955
606
57
542
461
392
393
362
22
764
277
654
948
188
523
817
562
593
1027
716
622
35
63
216
271
511
920
353
373
797
747
201
351
377
933
323
947
433
372
579
275
525
181
691
331
157
509
1015
612
583
814
997
670
364
265
336
284
13
505
971
639
901
722
537
102
625
616
442
59
292
627
235
915
197
847
568
698
667
795
143
358
227
689
64
784
939
451
11
1009
649
972
893
305
897
346
566
601
603
85
270
644
536
399
927
907
48
388
430
142
632
913
781
985
255
687
109
423
960
866
936
546
390
313
333
28
524
444
721
578
40
783
570
195
979
315
438
800
286
375
838
818
905
374
713
763
385
527
121
391
369
830
154
1004
750
432
490
648
448
657
1020
744
892
1021
704
765
38
584
924
854
382
671
196
664
1025
450
149
220
327
21
319
714
31
853
62
672
43
280
12
408
310
726
290
826
152
719
662
872
272
702
212
675
718
238
642
30
398
989
886
735
560
867
29
244
418
459
810
108
243
772
230
463
918
337
1012
724
208
409
967
94
751
572
180
825
956
342
250
811
141
287
839
462
878
504
119
502
841
614
167
725
110
78
824
234
26
748
1007
70
1003
42
185
555
492
807
73
39
859
159
71
871
794
304
669
592
424
169
828
996
986
186
954
587
396
74
128
428
686
419
465
405
577
25
932
573
937
912
15
259
785
130
368
253
101
137
291
740
739
148
311
17
219
9
930
223
160
517
174
90
18
66
468
300
367
499
420
944
202
889
497
690
857
126
404
602
701
516
917
1023
1013
269
928
770
615
729
831
378
476
778
1017
204
774
974
67
801
95
844
182
357
218
1031
44
633
93
891
482
37
863
564
816
341
705
771
712
1033
586
322
473
416
684
435
273
668
397
314
885
329
47
510
737
1005
225
884
754
330
823
53
332
651
552
882
699
150
363
877
8
16
692
762
1016
526
436
881
848
900
175
507
617
260
45
104
289
779
682
643
103
421
471
483
33
551
688
673
232
994
307
575
168
950
621
879
308
213
529
441
554
870
623
528
80
638
755
240
647
293
464
231
138
742
1018
832
869
481
978
695
133
3
163
343
72
91
539
926
455
136
850
652
326
534
449
908
469
282
683
677
445
83
773
723
600
711
105
503
247
381
65
558
636
248
549
738
628
179
681
233
766
478
953
556
906
715
236
458
246
145
371
344
875
813
411
56
112
309
498
903
880
970
111
650
264
567
77
299
380
226
414
874
581
703
598
92
20
41
51
55
76
87
89
100
117
146
147
155
161
172
205
228
229
249
251
257
285
288
294
306
400
403
412
413
460
474
484
491
508
544
548
561
574
576
604
605
607
630
656
661
693
717
741
749
753
760
761
792
796
846
852
888
902
921
945
973
977
980
987
489
958
217
320
731
1028
532
426
107
144
261
312
339
395
407
422
480
485
500
501
530
620
815
849
860
894
938
949
266
429
427
851
674
406
10
645
965
995
1006
69
415
477
165
417
624
883
295
982
334
898
935
730
431
453
454
325
366
559
873
975
709
131
496
184
1002
452
626
457
113
178
590
923
493
410
318
776
475
437
470
340
58
966
479
619
734
658
571
745
743
84
122
19
27
132
164
192
211
252
256
262
321
387
402
486
495
538
550
640
929
983
984
998
999
297
957
263
239
659
820
845
328
666
237
34
224
434
472
376
425
653
125
267
641
707
1000
203
733
443
865
993
177
245
401
153
317
162
241
569
968
338
456
487
467
466
6
992
127
634
941
447
187
812
904
193
679
951
843
819
599
827
922
934
611
14
54
183
685
758
895
631
637
680
594
106
88
589
710
914
759
114
36
769
324
700
842
942
563
120
1
2
585
864
876
302
952
588
173
7
446
836
862
191
976
98
123
129
697
736
1024
856
610
790
68
861
595
959
969
1032
678
597
782
798
139
629
911
821
46
931
210
135
746
806
962
171
943
756
189
158
777
115
170
1019
81
732
990
834
82
608
909
124
833
531
964
896
767
706
919
166
804
858
788
609
775
1011
553
335