502
591
219
406
407
408
404
218
399
398
216
401
405
403
410
602
400
409
62
220
651
644
862
34
876
344
59
217
880
824
396
571
203
698
655
70
121
878
204
549
703
877
341
588
185
30
108
128
147
115
574
1026
587
886
136
513
536
229
970
757
32
551
527
347
201
537
424
592
565
515
715
468
637
573
873
261
557
98
75
586
885
881
964
329
470
5
49
343
956
582
863
978
960
550
416
594
684
213
649
969
532
138
74
249
191
664
383
785
624
182
500
570
922
434
641
223
882
912
417
699
656
798
861
675
578
208
753
1022
692
254
152
222
787
864
518
253
207
97
981
422
982
883
670
677
897
688
544
930
865
568
123
38
940
433
966
925
225
436
506
759
780
511
374
948
558
846
473
1032
110
985
105
496
435
887
520
686
260
12
866
237
480
116
904
593
902
345
330
149
796
653
674
766
932
681
230
313
1014
322
977
801
605
804
393
807
793
309
934
528
391
1001
453
694
687
333
296
847
627
94
782
696
781
849
188
841
37
524
871
911
441
724
320
177
83
479
186
65
623
18
491
762
211
580
695
900
444
446
857
993
879
1012
830
533
854
469
334
267
507
56
739
918
990
538
293
499
411
454
552
727
315
382
516
654
638
799
731
227
486
169
896
96
141
181
534
600
80
813
610
583
643
784
250
1028
66
104
497
584
1027
808
888
633
992
995
127
786
957
673
635
370
810
299
564
501
736
498
772
691
331
7
701
353
354
476
461
451
151
259
246
357
503
505
29
300
522
153
661
1009
430
45
575
891
124
726
869
768
735
840
311
397
292
184
976
418
86
716
463
114
319
48
756
167
890
155
13
859
974
102
517
750
814
572
372
722
477
118
822
712
439
64
697
76
1010
935
954
215
255
598
920
559
728
826
170
478
566
196
933
553
730
291
272
40
22
85
101
273
632
971
247
342
590
378
82
927
747
443
386
581
1005
2
90
1015
258
364
547
175
63
73
25
68
642
487
289
630
238
741
669
340
946
306
92
874
209
245
46
263
988
959
743
823
540
972
738
626
78
818
361
999
156
8
464
1004
693
702
744
903
742
268
348
324
936
117
58
51
89
870
996
665
962
717
195
953
746
1016
795
805
122
622
221
35
456
958
202
700
820
660
589
779
53
541
509
567
279
646
597
521
620
270
512
445
423
148
415
337
93
492
449
23
850
543
682
924
825
160
828
459
778
569
734
47
212
420
134
428
556
754
99
339
1
829
126
379
14
385
725
733
791
248
640
577
234
917
938
596
269
944
338
984
100
388
831
657
1021
1017
387
67
868
95
471
214
628
252
52
371
474
140
143
968
526
286
987
816
327
413
672
529
906
24
178
1003
362
755
893
899
154
304
282
287
737
689
811
109
394
450
481
884
769
194
414
392
680
72
91
614
848
243
914
290
617
280
489
26
740
21
621
285
145
853
554
1013
1020
240
236
146
294
3
719
601
44
326
683
458
41
31
310
928
112
133
358
111
307
650
264
1018
77
380
711
226
483
352
939
60
17
20
50
55
61
87
142
161
172
174
176
205
228
244
251
257
288
303
336
365
368
389
412
419
442
455
460
465
484
508
514
519
548
561
576
604
607
625
636
713
723
749
760
761
771
792
852
910
916
921
945
973
980
989
1025
1029
1033
1031
764
426
979
16
71
107
144
199
312
363
369
395
485
494
530
663
751
815
860
894
907
926
949
421
266
377
200
429
427
773
802
851
231
284
835
765
10
159
179
645
832
961
965
994
1006
381
69
28
350
165
647
652
232
157
373
963
295
905
375
233
360
314
898
359
431
198
349
325
15
271
366
752
975
709
131
283
305
560
1002
452
4
168
206
457
275
276
277
448
113
440
718
923
493
490
318
1007
748
776
809
475
281
437
150
323
619
714
658
432
618
913
745
84
488
19
27
132
164
192
256
262
308
321
351
355
402
495
613
721
783
929
983
998
1030
297
889
103
239
659
845
438
328
523
666
991
332
274
57
137
224
356
472
376
425
9
11
119
125
390
707
908
986
1000
639
875
525
482
180
947
298
997
278
197
504
367
317
265
162
241
242
872
892
950
955
794
384
43
615
467
466
6
797
817
301
462
634
708
941
803
316
447
187
812
193
579
679
510
648
705
951
33
843
901
819
599
827
837
855
611
54
163
183
190
545
555
685
720
758
838
895
631
39
1023
106
88
770
710
42
542
36
800
844
668
842
942
563
120
667
346
585
302
952
603
606
173
836
789
774
539
562
129
130
967
1024
856
546
690
616
790
595
678
662
763
1008
139
629
671
821
937
729
839
931
210
135
806
235
612
171
943
704
189
158
777
1019
81
732
834
608
909
867
833
531
79
915
767
706
919
166
676
858
535
788
609
775
1011
335