419
420
1024
10
178
439
422
177
179
516
428
415
624
176
416
418
796
388
423
90
417
807
881
698
38
421
502
632
902
1007
436
580
426
30
1019
808
889
280
93
977
898
534
89
175
687
644
28
427
573
134
353
414
635
922
371
657
772
568
658
209
263
227
757
646
121
47
894
2
813
766
660
558
542
117
583
518
700
78
368
137
373
678
730
769
786
561
1023
641
785
122
525
45
565
550
897
187
245
891
249
636
532
374
667
688
529
705
923
147
333
356
157
389
901
630
925
814
188
946
566
651
720
681
613
238
380
294
397
552
702
111
118
185
225
841
547
164
113
831
410
259
409
425
106
595
638
554
1022
105
211
387
527
768
408
103
739
295
70
246
396
733
16
287
855
536
976
896
250
359
289
655
526
163
1026
204
744
1021
598
787
79
394
223
578
736
498
740
430
1010
127
790
996
56
182
200
703
639
348
404
272
592
253
994
835
890
341
680
288
693
247
924
301
64
391
668
412
853
741
649
538
279
66
504
332
154
574
593
215
100
266
212
585
1006
852
904
217
125
627
652
379
1017
934
903
793
59
198
1016
704
139
433
479
155
256
546
900
679
564
958
626
783
232
846
464
120
569
893
442
827
979
1033
586
936
405
133
930
540
823
596
138
734
742
219
92
292
591
662
559
570
60
445
62
35
738
413
378
818
713
857
543
761
351
954
617
282
398
381
65
403
284
1009
230
40
22
499
192
345
355
26
218
600
358
1020
719
556
628
885
112
309
67
880
481
970
311
716
307
497
83
304
650
264
567
1018
77
587
299
695
711
226
483
577
874
80
352
435
581
939
361
575
270
108
126
128
8
12
13
17
18
20
21
41
44
50
51
55
61
76
87
91
94
101
102
142
143
146
148
156
161
172
174
195
196
205
208
228
229
244
251
254
257
260
285
286
303
306
310
329
336
343
347
357
365
383
400
455
458
460
463
465
471
473
474
478
484
491
492
507
508
514
517
519
520
522
537
544
548
549
576
584
604
605
607
625
633
656
661
686
712
717
723
726
747
749
753
760
771
792
847
882
888
910
916
918
921
944
945
973
980
987
989
1005
1015
1025
1029
489
344
927
669
932
1031
320
255
731
1028
764
754
675
75
972
32
71
73
96
107
144
145
199
261
293
312
339
363
364
369
382
395
407
444
459
480
485
494
500
501
530
557
620
642
663
664
751
811
815
826
849
860
884
907
926
928
938
949
956
960
377
429
99
392
449
773
802
851
231
870
674
300
406
1027
515
765
29
48
53
159
213
645
682
810
832
961
965
995
69
86
167
248
350
477
327
165
647
848
509
202
273
290
370
601
877
883
953
963
905
393
643
375
233
791
360
982
1014
334
314
805
935
933
319
431
221
781
453
454
349
325
322
15
271
366
752
859
873
975
709
131
461
496
95
184
194
283
296
305
385
469
560
879
1002
452
4
168
206
779
149
457
330
275
276
277
140
448
234
243
372
440
590
718
762
493
490
411
318
399
214
313
665
748
776
809
475
917
281
437
512
470
340
602
315
58
150
323
521
966
619
722
714
1004
432
618
913
988
737
571
745
780
699
743
84
816
97
488
5
19
23
27
132
236
252
262
268
308
321
331
354
402
451
486
495
505
640
721
886
929
940
978
981
983
984
998
999
1030
297
551
957
971
151
239
659
820
845
689
511
63
438
503
328
523
136
666
670
677
755
801
863
991
237
274
34
342
899
476
828
450
506
57
528
224
434
362
472
376
386
653
9
11
72
119
141
240
267
390
572
673
707
725
908
974
986
1000
1013
203
443
824
875
52
482
180
541
865
947
298
997
993
278
197
868
367
326
401
153
317
265
162
241
242
582
872
878
892
950
955
683
794
968
220
384
338
456
43
487
615
467
466
6
24
797
817
992
49
116
462
948
684
634
708
941
696
803
316
447
812
623
441
25
193
579
750
1012
795
510
337
648
951
31
33
843
819
599
3
837
611
614
692
799
14
54
181
183
190
216
545
555
685
715
758
825
838
895
871
631
39
637
906
594
985
88
770
589
710
914
759
42
114
829
36
222
800
778
844
850
324
424
524
842
942
563
735
533
728
74
1
104
110
346
701
724
864
876
302
952
603
606
588
173
7
152
446
836
789
774
862
191
539
562
98
123
129
130
169
207
258
697
967
856
690
866
887
610
672
616
727
1001
68
861
621
694
959
969
1032
912
597
763
920
782
798
1003
1008
629
671
854
911
821
937
85
291
729
839
46
160
931
210
135
269
746
37
186
468
622
806
201
962
235
612
171
943
756
189
654
158
777
109
691
115
170
784
81
732
990
834
513
82
608
909
867
124
833
840
531
915
964
767
706
919
822
830
166
676
804
858
535
788
609
775
869
1011
553
335