379
386
52
228
984
384
222
49
513
140
443
858
1001
4
258
912
394
393
221
79
654
757
728
65
546
1031
35
635
383
835
141
646
206
63
198
395
599
24
354
190
758
453
439
557
223
613
352
387
768
337
30
64
227
392
60
329
5
963
243
655
15
917
382
283
215
234
591
704
694
789
667
389
898
55
163
1026
652
113
225
631
176
759
274
101
779
269
959
823
856
81
924
330
672
988
720
780
526
1025
173
75
286
663
808
985
981
186
33
193
514
414
151
31
691
803
633
770
359
661
138
662
718
676
763
1029
616
804
809
298
235
892
38
515
916
242
618
1015
390
134
741
460
523
786
281
184
194
991
348
648
449
135
373
41
783
797
202
800
385
521
792
277
868
361
615
349
640
565
99
305
659
388
696
347
533
415
195
260
979
211
817
596
544
989
123
46
40
925
660
854
751
512
213
524
148
428
452
438
301
279
1030
464
413
644
205
43
89
829
889
299
303
345
799
511
280
904
764
231
1022
543
122
17
191
837
767
656
360
787
933
180
364
522
670
59
649
891
246
802
547
290
976
580
878
791
810
795
578
880
955
416
750
254
86
606
855
297
214
932
853
805
160
1002
585
948
562
255
822
272
1027
814
1010
124
920
753
311
747
201
372
341
431
156
486
579
527
535
179
496
900
8
196
331
426
232
997
980
96
726
505
200
968
57
639
901
332
102
420
381
910
564
188
793
336
938
1016
417
13
338
530
993
847
216
461
873
593
820
688
689
296
310
727
566
872
601
165
879
270
541
509
940
87
256
257
539
441
1008
136
664
632
143
589
154
358
355
913
781
658
519
716
866
622
846
625
899
333
627
677
445
83
752
244
722
700
315
711
949
275
142
262
525
229
430
612
897
346
265
97
436
451
490
617
448
657
744
946
1021
893
584
687
109
181
292
936
971
537
518
48
157
824
144
434
939
62
116
698
905
240
586
369
570
582
245
432
778
927
3
284
1009
459
520
93
870
250
918
149
167
100
583
930
614
344
399
26
433
39
313
859
463
408
418
885
1020
44
287
56
450
928
1013
78
112
309
133
67
498
903
481
970
111
307
371
556
497
304
650
264
567
1018
77
587
380
739
695
226
483
813
577
874
558
80
435
581
575
703
108
126
128
598
92
12
18
20
21
22
47
50
51
61
76
91
94
117
118
146
147
155
161
172
174
208
212
249
251
259
285
288
294
306
343
357
365
368
400
403
405
412
419
442
455
458
465
471
473
474
478
484
491
492
499
507
508
517
548
549
561
574
576
604
605
607
628
630
636
686
693
702
712
713
717
719
723
749
760
761
771
796
841
852
857
881
882
888
902
921
944
945
973
977
987
996
1005
1033
489
958
669
217
320
731
1028
532
754
675
972
554
16
32
71
73
105
107
145
199
230
247
261
282
293
312
339
363
407
422
444
480
485
494
500
501
552
620
642
811
815
826
849
860
884
894
907
926
956
960
421
266
377
429
427
773
851
674
300
406
765
807
10
29
53
159
238
645
682
832
954
961
965
994
995
1006
1017
69
28
248
350
477
327
647
848
273
370
624
681
766
877
883
953
295
643
375
233
982
1014
334
314
935
319
730
454
325
322
271
366
559
975
709
131
374
95
469
536
560
168
626
457
276
178
423
440
590
923
762
353
409
493
410
411
318
1007
665
748
776
475
437
470
340
602
58
150
323
966
479
638
619
734
714
1004
740
737
571
745
534
699
743
84
816
488
19
23
27
90
132
164
192
236
252
253
268
308
321
351
402
495
538
550
568
721
886
929
978
983
998
999
551
957
263
103
218
239
738
785
845
540
516
503
328
666
742
755
801
863
237
34
342
476
828
396
506
137
528
209
224
356
362
472
376
425
653
9
11
72
119
125
219
267
572
641
673
707
725
908
974
986
1000
203
733
875
482
865
947
289
278
177
197
504
367
326
401
153
317
397
162
241
569
950
683
794
220
398
185
404
456
378
45
487
467
466
6
391
992
462
684
127
634
708
941
316
447
187
812
623
25
1012
679
510
705
951
651
843
819
204
827
922
934
611
692
14
54
183
545
555
685
715
825
838
895
871
182
592
637
680
906
1023
594
106
88
890
710
914
42
114
542
36
844
850
769
324
424
668
842
942
563
735
120
74
1
2
104
110
701
724
772
864
876
302
952
603
818
588
7
152
446
600
836
774
862
175
573
98
121
129
130
169
207
697
736
967
1024
690
887
610
790
68
831
861
621
595
969
1032
678
597
782
798
1003
139
629
671
911
821
937
85
291
729
839
931
210
746
37
66
70
468
529
806
962
171
943
756
189
158
777
115
170
784
1019
732
990
834
82
608
909
867
833
840
531
915
964
896
706
919
830
166
502
788
609
775
869
1011
553
335