135
332
333
337
339
139
964
223
147
170
793
329
962
330
213
959
197
438
416
675
180
572
676
862
568
317
885
228
731
323
967
667
165
969
588
202
871
251
673
704
986
677
443
166
574
960
536
1022
672
38
965
123
725
980
684
976
630
542
331
79
167
988
198
963
626
530
523
698
958
736
417
190
869
468
665
344
513
666
168
186
784
502
113
152
947
446
887
685
565
557
32
669
655
633
596
751
118
754
75
888
865
277
327
852
182
272
592
587
42
44
138
515
882
624
550
978
442
537
877
395
59
4
961
345
615
993
105
214
208
439
521
822
544
296
99
305
349
618
643
30
397
570
422
982
582
61
699
501
229
291
324
892
516
74
786
261
98
450
227
759
81
52
46
503
240
193
637
688
560
254
389
157
246
11
941
713
753
532
883
435
991
473
480
464
451
904
696
437
723
444
183
250
292
936
605
551
807
5
131
185
694
256
171
241
1033
930
108
128
654
814
403
434
627
375
710
782
209
558
313
436
347
553
222
911
320
758
650
902
195
342
659
156
611
189
841
121
474
541
580
992
686
577
383
785
830
671
334
112
265
990
878
873
781
219
932
635
390
798
343
832
242
239
315
110
722
432
136
949
497
664
493
974
578
712
792
810
253
498
691
7
867
83
956
476
848
1003
801
357
804
505
29
65
522
971
670
661
1009
689
740
979
891
780
124
499
922
840
591
674
680
918
614
890
309
638
985
539
399
995
954
6
511
496
880
93
724
876
50
764
64
905
697
981
260
215
849
249
355
861
728
796
750
566
56
730
225
294
651
790
84
284
695
581
692
377
881
733
548
175
487
149
289
735
306
874
649
1001
255
564
540
906
953
80
144
538
248
1004
744
742
715
458
358
460
533
453
267
970
948
518
48
300
795
145
1026
221
35
500
589
857
567
870
520
646
597
469
101
445
628
378
492
927
96
211
543
924
459
230
863
85
549
486
293
311
583
92
726
903
140
143
526
966
73
463
739
287
811
556
1013
78
133
67
481
111
716
307
371
304
264
1018
1020
77
299
380
711
226
483
813
414
352
408
939
361
575
703
270
60
126
598
8
12
13
17
18
20
21
22
41
47
51
55
76
87
89
91
94
100
102
117
142
146
148
155
161
172
174
176
196
205
212
244
257
259
280
285
286
288
303
310
336
341
365
368
400
405
412
413
419
455
465
471
478
484
491
507
508
514
517
519
527
547
561
576
584
604
607
625
632
636
656
687
693
702
717
719
741
747
749
757
760
761
771
846
847
900
910
916
921
944
945
973
977
987
989
996
1005
1015
1016
1025
1029
489
660
62
1031
217
1028
426
972
554
16
71
107
199
247
282
312
363
364
369
379
382
407
485
494
552
620
642
663
815
826
860
884
893
894
907
926
928
938
421
266
200
429
392
427
449
773
802
851
1021
231
835
406
1027
765
10
53
159
179
238
645
682
897
994
1006
381
1017
69
86
28
415
350
477
647
652
232
509
273
290
370
373
394
601
681
766
295
393
233
791
360
1014
314
805
898
935
933
319
359
431
454
325
322
15
271
366
433
559
752
859
946
975
709
374
461
95
184
194
283
385
879
1002
452
206
779
457
275
276
448
234
243
372
178
418
423
440
590
718
923
762
353
409
410
490
411
318
1007
748
776
809
475
917
281
512
470
340
602
853
58
150
479
619
734
714
658
913
737
823
571
745
534
743
122
816
97
488
19
23
27
90
132
164
192
236
252
262
268
308
321
351
354
387
402
428
495
613
640
721
783
886
929
940
983
984
998
999
1030
297
957
263
889
103
151
218
738
820
845
40
63
328
755
237
274
34
899
828
396
506
57
137
528
224
356
362
472
376
386
425
653
9
72
119
125
141
641
707
908
1000
203
430
639
824
875
525
482
298
997
278
177
868
504
367
326
420
348
245
401
153
162
569
872
950
955
683
794
968
134
220
398
384
338
404
456
43
45
467
466
24
391
787
797
817
301
49
116
462
127
634
708
803
316
447
187
812
623
441
25
579
1012
679
510
388
648
705
951
279
26
31
33
593
843
901
819
599
3
204
586
827
837
855
934
808
799
14
54
163
181
216
545
555
617
644
720
825
838
895
631
39
1023
594
106
88
770
914
114
829
36
800
778
844
850
769
424
524
668
700
842
942
563
120
768
1
2
104
346
585
701
772
864
302
952
603
606
818
173
600
836
789
774
191
562
573
129
130
154
169
207
258
1024
856
546
690
866
610
616
727
68
831
621
595
1032
912
678
657
662
763
920
1008
629
854
821
937
729
839
160
931
210
269
746
37
66
70
529
925
622
806
201
235
612
943
756
158
777
109
115
1010
1019
732
834
82
608
909
188
833
531
915
896
767
706
919
858
535
788
609
775
1011
335