143
158
142
144
140
145
141
459
461
88
85
454
169
456
451
87
460
447
86
174
455
596
998
448
453
710
467
758
635
818
616
449
123
450
618
336
704
298
911
895
46
854
220
1004
458
767
568
330
798
84
1027
301
1015
801
723
746
515
571
588
324
98
166
26
1014
321
328
77
914
654
426
799
839
943
33
1005
760
468
322
463
872
931
372
204
168
165
786
229
680
157
445
24
30
5
948
432
899
327
40
243
65
58
733
526
212
824
326
600
703
41
930
44
195
397
78
112
309
133
67
498
903
880
481
970
311
358
111
716
307
371
556
497
83
304
650
264
567
1018
1020
38
587
299
380
739
56
695
711
226
483
813
414
577
874
558
80
352
408
435
581
939
361
575
270
60
108
126
128
598
92
8
12
13
17
18
20
21
22
47
50
51
55
59
61
76
89
91
94
100
101
102
117
118
146
147
148
155
156
161
172
176
196
205
208
225
228
244
246
249
250
251
254
257
259
260
280
285
286
288
294
303
306
310
329
333
341
343
347
357
365
368
383
389
400
403
405
412
413
419
442
464
465
471
473
474
478
484
491
492
499
507
508
514
517
518
519
520
522
527
537
544
547
548
549
561
564
566
574
576
584
604
605
607
625
628
630
632
633
636
649
655
656
661
686
687
693
698
702
712
713
717
719
726
741
747
749
753
757
761
771
792
796
841
846
847
852
857
881
882
888
900
902
910
916
918
921
936
944
945
973
977
980
987
989
996
1016
1025
1026
1029
1033
489
660
958
62
344
927
669
932
1031
217
320
255
731
1028
532
764
754
675
75
972
554
979
543
16
32
71
73
96
105
107
199
230
247
261
272
282
293
312
339
363
364
369
379
382
395
407
422
436
444
480
485
494
500
501
530
552
557
583
620
642
663
664
751
811
815
826
849
860
884
893
894
907
926
928
938
949
956
960
1022
35
287
421
266
377
200
429
99
392
427
773
802
851
1021
231
870
674
300
284
835
406
765
807
10
29
48
53
159
179
213
238
645
682
810
832
897
954
961
965
994
995
1006
381
1017
69
138
28
415
167
248
350
477
647
652
848
232
509
202
273
290
370
373
394
417
439
601
624
681
766
877
883
953
963
295
905
393
643
375
233
791
360
982
334
314
793
805
898
935
933
319
215
359
730
431
198
221
885
781
349
325
15
271
366
433
559
752
859
873
946
975
709
131
374
1009
496
95
184
194
283
296
305
385
469
536
560
879
1002
452
4
206
779
149
626
457
275
276
277
234
93
113
178
418
423
440
590
718
923
762
353
409
493
410
490
411
318
1007
399
214
313
665
748
776
809
475
917
281
437
512
470
340
602
853
315
150
323
521
966
479
638
619
734
722
714
658
913
988
740
688
737
823
745
780
534
699
743
122
816
97
488
19
23
27
90
132
164
192
211
236
252
253
256
262
268
308
331
351
354
355
387
402
428
486
495
505
538
550
578
613
640
721
783
886
929
940
978
981
983
984
999
1030
297
551
957
263
889
971
103
151
218
239
659
738
785
820
845
540
891
689
511
63
416
516
438
503
523
136
666
670
677
742
755
863
991
237
332
274
34
342
476
828
396
506
57
137
591
528
209
224
434
356
362
472
376
64
227
386
425
653
9
11
72
119
125
219
223
240
267
390
572
641
673
707
725
908
974
986
1000
1013
203
430
443
639
875
345
525
52
482
180
541
865
947
289
997
993
278
177
197
868
504
292
367
420
348
245
401
153
317
265
162
241
242
569
582
878
892
950
955
683
794
968
134
398
384
338
185
404
378
43
45
487
615
466
6
391
787
797
817
992
49
116
462
684
127
634
708
941
696
803
316
187
812
623
904
441
25
193
579
750
1012
679
795
510
388
337
648
705
951
279
31
593
651
843
901
819
599
3
586
627
827
837
855
922
934
565
570
611
614
692
808
14
54
163
181
183
190
216
545
555
580
617
644
685
715
720
825
838
871
924
646
631
39
182
592
637
906
1023
594
985
106
890
814
770
589
759
42
114
542
829
36
222
800
778
844
850
769
424
524
668
700
842
942
563
735
120
533
728
667
74
768
1
2
104
110
346
585
701
724
772
864
876
302
952
603
606
173
7
152
446
836
789
774
862
175
191
539
562
573
976
121
129
130
154
207
258
697
736
967
1024
856
546
690
866
887
610
672
727
790
1001
68
831
861
621
694
595
959
969
1032
912
678
657
597
662
763
920
782
1003
1008
139
629
671
821
937
291
729
160
744
210
135
269
37
66
70
186
529
925
622
806
201
962
235
612
171
756
189
777
109
691
115
1010
170
784
1019
81
732
990
834
513
82
608
909
867
188
124
833
840
531
79
915
964
896
706
919
822
830
676
804
858
535
502
788
609
775
869
1011
553
335