213
202
180
246
432
881
337
10
419
429
430
439
434
964
113
437
898
420
663
796
962
677
436
441
223
666
674
433
869
344
959
664
416
28
980
613
431
951
198
675
667
565
139
669
422
443
657
686
956
963
52
969
984
333
513
684
665
871
988
329
30
971
147
712
673
676
862
887
633
228
330
55
580
530
822
660
581
967
661
46
762
1004
444
885
1026
655
700
972
758
883
191
680
870
960
19
234
7
704
1001
671
123
834
235
135
16
672
215
367
44
749
5
167
698
986
1027
224
1029
640
685
536
173
442
965
43
1000
289
243
38
976
594
596
542
385
40
124
15
438
710
496
336
697
775
958
682
652
804
728
1022
798
654
805
945
547
279
417
256
421
502
156
574
314
759
950
947
238
79
1028
570
261
208
204
390
608
865
966
854
185
637
31
941
688
33
940
476
492
549
694
253
160
82
45
789
770
440
1033
149
577
588
592
943
518
541
727
587
785
970
312
801
882
301
624
635
550
978
537
211
544
533
877
59
332
163
879
878
313
981
141
578
343
526
558
617
474
896
41
379
345
101
164
212
347
54
646
8
750
721
982
937
296
582
991
50
699
662
973
1032
257
272
74
98
276
136
760
415
888
584
626
71
747
145
254
152
4
901
539
736
340
643
933
827
293
564
599
446
908
607
659
428
764
903
435
557
838
506
205
723
992
355
586
166
89
725
259
468
480
221
787
591
904
696
554
187
231
648
274
538
961
936
709
17
777
786
605
551
859
473
729
807
767
656
808
930
445
268
105
217
997
108
128
500
508
403
361
627
782
266
309
63
681
766
853
553
222
190
39
911
320
339
188
809
902
863
269
366
157
119
795
121
913
297
618
989
1015
701
906
993
383
678
830
1002
757
334
138
534
990
873
529
13
720
219
814
507
595
154
683
867
56
835
341
393
24
3
280
179
583
784
220
110
917
546
497
932
974
151
426
195
828
193
184
406
501
57
832
629
498
691
23
331
952
968
83
351
818
616
155
793
369
466
763
182
357
938
1016
503
505
897
29
816
687
65
338
522
670
1009
689
143
856
891
780
499
515
922
840
386
25
388
779
918
244
284
448
890
638
985
488
761
954
242
880
724
572
872
75
165
619
876
64
287
849
249
811
995
76
939
252
861
566
658
730
225
792
651
846
905
277
404
953
695
260
692
979
400
377
516
791
548
227
949
175
262
487
768
58
306
352
218
874
826
255
632
540
80
322
464
451
744
742
614
532
511
914
292
453
267
628
948
48
300
240
35
326
589
857
649
567
778
597
469
93
378
927
118
96
543
924
459
100
229
230
715
85
486
196
311
392
92
726
140
73
463
739
556
397
1013
78
112
133
67
481
358
111
716
307
371
304
650
264
1018
1020
77
299
380
711
226
483
813
414
408
575
703
270
60
126
598
12
18
20
21
22
47
51
61
87
91
94
102
117
142
146
148
161
172
174
176
250
251
285
286
288
294
303
310
365
368
389
405
412
413
455
458
460
465
471
478
484
491
514
517
519
520
527
561
576
604
625
630
636
693
702
713
717
719
741
753
771
841
847
852
900
910
916
921
944
977
987
996
1005
1025
489
62
1031
731
754
32
107
144
199
247
282
363
364
382
395
407
485
494
552
620
642
751
815
860
884
893
894
907
926
928
200
99
427
449
773
802
851
1021
765
53
159
645
810
994
1006
381
1017
69
86
248
350
477
327
647
848
232
509
273
290
370
373
394
601
295
375
233
360
1014
935
319
359
781
454
349
325
271
559
752
946
975
131
374
461
95
194
283
305
560
452
168
206
457
275
372
178
418
423
590
718
923
353
409
493
410
490
411
318
1007
399
214
748
776
475
281
512
470
602
315
150
323
521
479
734
722
714
740
737
823
571
745
743
84
122
97
27
90
132
192
236
308
321
354
387
402
495
568
783
886
929
983
998
999
1030
957
263
889
103
239
738
820
845
328
523
755
237
34
342
899
396
450
137
528
209
356
362
472
376
425
653
9
11
72
125
641
707
203
733
639
824
875
525
482
298
278
177
197
868
504
348
245
401
153
317
265
162
241
569
892
955
794
134
398
384
456
615
467
6
391
797
817
49
116
462
127
634
708
803
316
447
812
623
579
1012
679
510
705
26
593
843
819
837
855
934
611
799
14
181
183
216
545
555
644
825
895
631
1023
106
88
42
114
829
36
800
844
850
769
324
424
524
668
842
942
563
735
120
1
2
104
346
585
772
864
302
603
606
600
836
774
562
573
129
130
169
207
258
1024
690
866
610
790
68
831
621
912
920
1003
1008
821
291
839
931
210
746
37
66
70
186
925
622
806
201
612
171
756
189
158
109
115
1010
170
1019
81
732
909
833
531
915
706
919
858
535
788
609
1011
335