319
167
326
36
168
43
314
25
955
44
317
321
916
951
166
48
350
202
322
907
964
315
46
762
170
834
1004
749
320
349
712
915
330
246
1000
238
1012
922
594
318
775
764
596
329
814
565
825
420
75
325
887
3
947
270
980
302
1032
334
898
30
612
141
468
635
388
367
291
644
380
81
323
213
204
441
862
312
172
60
787
399
13
19
580
831
67
818
615
355
826
148
269
896
40
374
780
816
52
630
710
152
200
934
793
245
316
761
324
151
215
428
313
760
619
193
108
578
128
941
933
340
949
336
446
753
807
945
855
604
45
583
79
808
698
244
337
1029
496
727
132
304
240
345
537
991
256
884
268
217
41
165
946
657
654
16
139
39
181
943
979
778
442
93
659
518
655
785
157
259
988
1026
248
253
551
212
972
835
618
110
78
678
55
572
277
702
534
529
554
871
221
384
266
424
169
61
996
867
272
186
728
57
805
393
250
74
239
686
14
885
432
230
660
574
22
620
592
536
389
984
100
243
279
866
180
149
104
164
461
56
423
311
783
910
242
360
593
106
275
444
160
2
628
66
824
385
715
134
940
614
829
126
813
372
846
464
731
799
264
701
516
953
917
970
1017
948
722
95
854
214
944
633
87
439
127
786
37
564
220
672
38
703
1023
717
252
383
899
70
1003
362
469
451
677
893
254
111
757
105
414
737
971
689
381
65
591
434
642
394
450
954
823
552
194
430
699
548
8
116
810
960
568
436
89
848
617
260
750
868
94
570
409
101
740
21
956
673
92
927
575
96
621
768
906
903
511
853
499
460
526
716
458
638
293
735
145
347
664
587
974
932
218
726
255
850
512
674
51
586
449
309
683
739
418
600
273
882
859
31
310
478
556
928
738
112
133
498
880
481
358
307
371
497
83
650
567
1018
1020
77
299
695
711
226
483
577
874
558
80
352
408
435
581
939
361
598
12
17
18
20
47
50
59
76
91
102
117
118
142
143
146
147
155
156
161
174
176
195
196
205
208
225
228
229
249
251
257
280
285
286
288
294
303
306
333
341
343
357
365
368
400
403
405
412
413
419
445
455
463
465
471
473
474
484
491
492
507
508
514
517
519
520
522
527
544
547
549
561
566
576
584
605
607
625
632
636
649
656
661
687
693
713
719
723
741
747
771
792
796
841
847
852
857
881
888
900
902
918
921
936
973
977
987
989
1005
1015
1016
1025
1033
489
958
62
344
669
1031
1028
532
754
426
675
543
32
71
73
107
144
199
247
261
282
339
363
364
369
379
382
395
407
422
459
480
485
494
500
501
530
557
663
751
811
815
849
860
894
926
938
1022
35
287
421
377
429
99
392
427
773
802
851
1021
231
870
300
284
406
1027
515
765
10
29
53
159
179
645
682
832
897
961
965
994
995
1006
69
138
86
28
415
477
327
647
652
232
509
290
370
373
417
601
624
681
766
877
883
963
295
905
643
375
233
791
982
1014
935
359
730
431
198
781
453
454
15
271
366
433
559
752
873
975
709
131
1009
184
283
296
305
560
879
1002
452
4
206
779
626
457
276
140
448
234
113
178
440
590
718
923
930
353
493
410
490
411
1007
665
748
776
809
475
281
437
470
602
58
150
521
966
479
734
714
658
913
688
571
745
743
84
122
97
488
5
23
27
90
192
211
236
262
308
331
351
354
387
402
486
495
505
538
550
613
640
721
886
929
978
981
983
998
999
1030
297
957
263
889
103
820
845
540
891
63
416
438
503
328
523
136
666
670
742
755
801
863
237
332
274
34
342
476
828
396
506
137
528
209
224
356
472
376
64
227
386
425
653
9
11
72
119
125
219
223
267
390
641
707
725
908
986
1013
203
733
443
639
875
525
482
541
865
298
289
997
993
278
177
197
504
292
348
401
153
265
397
162
241
569
582
872
878
892
950
794
968
398
338
185
404
456
378
487
467
466
6
24
391
797
817
992
301
49
462
684
634
708
696
803
447
187
812
623
904
579
679
795
510
648
705
26
33
651
843
901
819
599
627
827
837
611
692
54
163
183
190
216
545
555
685
720
758
838
895
924
646
631
182
637
680
985
88
890
770
589
914
759
42
114
542
222
800
844
769
524
668
700
842
942
563
120
533
667
1
346
585
724
772
864
876
952
603
606
588
173
7
836
789
774
175
191
539
562
573
976
98
121
123
129
130
154
207
258
697
736
967
1024
856
546
690
610
616
790
1001
68
861
694
595
959
969
912
597
662
763
920
782
798
1008
629
671
911
821
937
85
729
839
931
744
210
135
746
925
622
806
201
962
235
171
756
704
189
158
777
109
691
115
1010
784
1019
732
990
513
82
608
909
188
124
833
840
531
767
706
919
822
830
676
804
858
535
502
788
609
869
1011
553
335