1023
324
150
473
821
462
476
471
1012
153
827
833
475
469
466
1001
814
148
954
826
206
775
819
601
464
490
151
914
472
836
941
609
205
152
470
626
620
917
477
955
949
823
749
837
467
973
600
149
910
825
951
288
313
616
474
830
134
294
263
849
312
810
607
429
913
628
828
811
953
893
338
944
915
710
705
605
561
654
952
926
479
976
947
224
564
940
816
829
889
919
204
832
336
898
822
817
599
660
789
682
907
40
916
606
859
950
719
33
465
715
83
677
820
703
353
498
712
330
860
53
1002
996
580
815
167
979
900
16
704
3
1027
655
421
1017
604
752
970
852
617
989
975
594
897
282
727
608
596
614
125
69
708
93
694
923
838
780
724
911
214
932
264
518
1004
276
867
998
834
272
908
359
658
496
980
735
706
70
8
615
597
603
873
758
266
578
589
481
591
329
502
450
631
809
856
630
60
349
625
659
367
35
692
198
306
24
841
765
872
378
454
643
319
75
177
438
261
12
740
463
611
135
977
739
193
285
468
688
930
647
802
305
669
459
753
238
344
583
921
766
610
166
785
731
258
850
280
674
744
999
283
642
563
240
11
672
903
791
223
920
846
345
120
130
448
747
440
485
43
547
256
598
663
909
797
683
632
287
997
442
851
13
576
652
1031
613
560
771
29
602
102
1020
94
124
478
982
965
962
491
676
68
115
375
446
661
38
751
61
891
339
241
316
733
925
906
239
444
113
796
778
432
20
216
10
938
173
44
725
389
433
100
172
649
139
807
566
114
269
709
213
2
58
595
199
59
117
143
372
994
787
315
427
935
530
854
80
422
738
428
786
395
159
759
399
842
783
722
1029
678
133
275
653
525
974
978
99
155
37
693
742
257
948
886
304
323
5
495
993
755
90
295
635
138
750
532
219
533
191
971
956
52
197
394
180
763
271
795
414
723
680
221
972
961
230
202
6
773
764
646
918
899
558
22
370
673
790
1028
933
92
726
863
156
681
73
408
592
664
161
458
71
145
371
250
411
813
78
112
309
67
880
311
358
111
716
307
556
497
650
567
1018
77
587
299
380
56
695
711
226
483
577
874
352
435
581
939
361
575
270
108
126
128
17
18
21
41
47
50
51
55
65
76
87
89
91
101
118
142
146
147
174
176
195
196
208
212
225
228
229
244
246
249
251
254
259
260
286
303
310
333
341
343
347
357
365
368
383
400
403
405
412
413
419
445
455
460
484
492
499
507
508
514
517
519
520
522
527
537
544
548
549
574
584
633
636
656
686
687
698
702
713
717
741
757
760
761
792
847
857
881
882
888
902
936
945
987
1005
1015
1016
1025
1026
1033
489
958
62
927
217
320
255
754
426
675
554
543
32
96
105
107
144
247
293
363
364
369
379
382
407
436
480
494
500
501
552
557
884
894
928
960
1022
377
200
392
449
1021
231
870
300
284
835
406
515
48
179
645
995
1006
381
86
28
415
248
350
327
165
848
232
509
157
273
290
373
417
439
624
877
883
963
905
393
233
360
1014
334
314
793
805
215
730
431
885
781
453
325
322
15
366
559
946
131
374
1009
461
95
184
194
296
385
536
879
452
4
168
779
457
277
140
234
243
178
418
423
590
718
762
409
493
410
318
1007
665
748
776
281
437
512
340
853
521
966
638
619
734
714
618
988
737
571
745
534
699
743
84
122
97
488
19
23
27
132
164
192
211
236
252
253
262
268
308
321
331
351
354
355
387
402
451
486
505
538
550
568
640
721
929
981
983
984
1030
297
551
957
103
218
845
540
689
511
63
416
516
503
328
523
136
666
670
801
991
237
332
274
34
342
396
506
57
137
528
209
434
356
362
376
64
227
386
425
9
72
119
141
267
390
572
641
707
986
1000
1013
203
430
443
639
824
875
482
541
865
298
289
278
868
504
292
326
420
348
245
401
317
265
397
162
242
569
582
878
892
526
794
968
220
398
384
185
404
456
45
487
391
992
301
49
116
684
127
634
696
803
447
187
812
623
904
441
25
579
679
510
388
337
648
279
26
31
593
651
843
901
586
627
855
922
934
565
570
808
799
14
30
54
163
181
183
190
545
555
644
685
720
895
871
924
39
182
637
985
106
88
890
770
42
542
36
222
800
844
769
424
524
668
700
942
728
667
74
768
1
104
110
346
585
701
772
864
876
302
818
588
7
774
862
175
539
562
573
98
121
123
129
154
169
207
697
736
967
1024
546
690
866
887
831
861
621
959
969
1032
912
657
662
782
798
1003
1008
629
671
937
85
291
729
839
46
160
931
210
746
66
186
529
622
806
201
235
612
171
943
756
189
158
777
109
691
1010
170
784
1019
81
732
990
513
82
188
840
531
79
964
896
767
804
858
535
788
869
1011
553
335