263
346
74
298
1
568
904
380
165
66
67
511
133
703
305
121
419
130
304
525
810
561
73
68
502
529
1006
267
896
509
508
209
902
335
905
549
296
1014
592
381
759
286
457
388
157
704
895
925
64
358
900
555
771
480
632
107
345
1032
646
35
75
885
773
596
368
766
857
227
179
1007
625
389
76
288
626
452
830
38
397
185
301
878
264
320
178
970
990
30
166
443
566
499
256
835
595
110
793
889
329
681
649
754
532
635
466
519
449
768
9
119
831
117
252
23
132
424
118
807
551
757
353
216
1022
582
302
417
1019
580
761
523
2
303
969
873
127
438
376
891
991
188
901
164
427
527
560
394
255
581
317
722
371
702
667
229
741
88
906
203
636
423
882
545
250
418
559
24
89
486
333
308
963
557
1021
105
593
391
644
684
790
1008
852
698
651
513
434
311
614
97
114
416
134
939
450
187
254
259
374
624
705
877
201
373
154
658
763
574
639
453
364
922
104
584
828
825
912
344
70
888
753
772
27
45
356
746
90
531
719
883
855
249
750
393
285
461
694
652
369
565
853
10
546
79
583
687
518
260
69
47
543
507
563
578
156
147
383
550
647
894
153
813
163
215
413
446
899
176
654
655
241
558
468
225
936
533
93
294
598
958
292
637
268
293
59
653
245
359
247
500
385
887
78
808
137
638
800
605
496
408
410
31
1010
769
981
552
506
1020
314
1023
641
243
944
306
999
253
122
151
441
270
469
155
84
341
679
348
1001
149
290
682
816
464
182
897
238
879
524
399
103
445
941
432
966
783
200
579
762
246
287
554
890
71
299
758
928
407
876
211
405
235
433
361
923
734
212
924
98
916
143
661
744
321
145
630
297
135
430
788
611
242
764
218
634
860
395
725
946
724
956
571
736
867
621
728
1011
8
22
375
15
319
628
893
390
600
112
266
1013
521
11
603
673
18
437
92
99
465
191
740
1029
608
160
526
534
587
111
49
562
354
322
841
421
100
471
379
864
898
261
933
829
903
731
776
594
94
65
938
409
827
106
402
120
814
415
919
46
435
275
544
959
868
824
1003
780
920
289
355
387
25
1009
778
1024
960
796
664
869
569
997
739
573
1015
411
979
475
727
474
295
983
396
733
678
961
172
5
291
528
488
692
86
186
870
591
181
123
987
602
113
386
975
989
454
742
1016
794
871
428
723
765
62
420
152
183
26
826
214
190
820
491
954
3
131
193
108
530
128
48
515
324
63
910
352
777
223
717
327
710
318
498
96
618
789
136
234
577
273
331
230
7
338
16
690
713
570
56
460
797
300
965
342
403
567
349
535
404
617
272
257
715
743
323
13
470
588
865
448
12
101
244
339
992
1018
207
398
927
854
1026
575
1028
414
622
917
350
613
786
251
115
326
170
781
930
660
124
668
669
365
680
556
688
206
787
537
849
842
279
701
504
439
520
21
494
940
332
832
659
146
168
620
52
44
313
310
336
799
932
585
675
217
125
221
993
627
210
1017
934
199
451
837
80
671
372
309
198
61
139
856
28
479
87
619
612
564
330
85
971
363
918
819
406
995
265
162
232
846
633
968
442
148
875
809
1033
886
540
948
495
823
514
138
370
6
412
436
219
50
686
662
277
392
795
859
60
367
501
54
735
738
378
492
116
818
851
1031
351
732
953
282
239
144
512
142
726
280
284
233
377
40
192
716
517
283
463
458
483
167
195
347
674
77
880
481
307
497
83
650
695
711
226
874
126
17
20
41
51
55
91
102
161
174
196
205
208
228
343
357
400
455
473
478
484
522
547
548
576
604
607
656
693
712
747
749
760
792
847
881
921
945
973
977
980
996
1005
1025
489
426
972
32
312
382
422
444
459
485
642
663
751
811
815
884
907
926
949
429
802
231
1027
29
53
159
213
645
994
248
477
848
202
601
643
791
360
982
334
805
935
730
431
325
271
366
752
709
95
184
194
536
1002
4
779
276
140
440
590
718
493
490
665
748
281
340
315
58
150
714
1004
913
988
737
745
699
19
236
262
505
538
640
721
929
978
984
998
1030
957
785
845
689
516
503
328
666
670
677
755
801
863
237
274
34
476
57
224
362
472
425
72
141
240
572
707
908
974
986
1000
482
180
541
947
278
177
197
401
872
892
950
955
683
220
384
456
43
487
615
467
817
462
708
696
803
316
447
812
623
1012
510
337
648
951
33
843
599
204
586
14
685
720
838
631
39
985
770
589
914
42
542
36
222
844
850
700
942
952
606
173
836
774
862
175
539
976
129
169
258
697
967
866
610
672
616
861
657
597
782
798
629
911
821
937
729
839
931
269
37
806
962
171
943
756
189
158
109
691
784
81
834
82
909
833
840
915
964
767
706
822
676
804
858
609
775
553